Title,Link,Date,Source,Summary,Term,LanguageQueried
Dust storm in Dibrugarh forces IndiGo to diver flight carrying 144 passengers to Imphal - The Times of India,https://news.google.com/rss/articles/CBMi9gFBVV95cUxOSnQzbmhyRl9qeHlPLW1HSlZnSkE5aHlTUFkwQ2hDMVlsTXlKY1c0NmdTb0RzR3JmV2xBRkpTVEFtVnRjX3NlR01xU0c3VlRueVMxUXRyUE5fM3hXeGVOUWpRTUdPSl9hV3V6WjdXbHpiTmwzbTVyNnE4MWpoeVhpZHZ2WXplRWlhb01CZnRGb3BHZy1ERGRuajFnblA5SFgwUlZ4TDVJNmdLTDJJQWIyakZfeDZOc3Utbmk2VnROU2VlV2JZZHdlWHJFczZqbkdZNkh5MGpEX2ZXb2QxYWJ3MGlGWURrQWhETl9NRUpCNEVCS2dNMnfSAfsBQVVfeXFMTTJ3dS1VdDVPaWpNb2dZM0VfUXMyXzhMRkxicGh2U3FkOUR0MWMzQW42V3J0TkNjX3FDZ21YcDM1ci0xTE9jTFNPZTRXWk1Vek04NzhqZDNzY0VvbF9rbDc3NjZpUHh5MFc0eVQyVVphdndudzd0VjB5ZlRzR1ZwcXlDYTUyT1EzZnZaUkJYdHBYbDd1YzVHRUp1WU5zWEZ6TlkyckpneWxEYjRtYnNVSWRSMEtzN0Z2TmRobElsUlh4NGJ3a3N0clM0NDZIVGxnSnlzWHNJU3NQU1Q3XzJvYTQ1cWM0MEFHMUdGT2dSSzNnelVVUkFQck5rOFU?oc=5,2026-02-22 18:11:00,The Times of India,"<a href=""https://news.google.com/rss/articles/CBMi9gFBVV95cUxOSnQzbmhyRl9qeHlPLW1HSlZnSkE5aHlTUFkwQ2hDMVlsTXlKY1c0NmdTb0RzR3JmV2xBRkpTVEFtVnRjX3NlR01xU0c3VlRueVMxUXRyUE5fM3hXeGVOUWpRTUdPSl9hV3V6WjdXbHpiTmwzbTVyNnE4MWpoeVhpZHZ2WXplRWlhb01CZnRGb3BHZy1ERGRuajFnblA5SFgwUlZ4TDVJNmdLTDJJQWIyakZfeDZOc3Utbmk2VnROU2VlV2JZZHdlWHJFczZqbkdZNkh5MGpEX2ZXb2QxYWJ3MGlGWURrQWhETl9NRUpCNEVCS2dNMnfSAfsBQVVfeXFMTTJ3dS1VdDVPaWpNb2dZM0VfUXMyXzhMRkxicGh2U3FkOUR0MWMzQW42V3J0TkNjX3FDZ21YcDM1ci0xTE9jTFNPZTRXWk1Vek04NzhqZDNzY0VvbF9rbDc3NjZpUHh5MFc0eVQyVVphdndudzd0VjB5ZlRzR1ZwcXlDYTUyT1EzZnZaUkJYdHBYbDd1YzVHRUp1WU5zWEZ6TlkyckpneWxEYjRtYnNVSWRSMEtzN0Z2TmRobElsUlh4NGJ3a3N0clM0NDZIVGxnSnlzWHNJU3NQU1Q3XzJvYTQ1cWM0MEFHMUdGT2dSSzNnelVVUkFQck5rOFU?oc=5"" target=""_blank"">Dust storm in Dibrugarh forces IndiGo to diver flight carrying 144 passengers to Imphal</a>&nbsp;&nbsp;<font color=""#6f6f6f"">The Times of India</font>",Disaster,en
Dust storm forces IndiGo flight with 144 onboard to divert from Dibrugarh to Imphal - India Today NE,https://news.google.com/rss/articles/CBMi2gFBVV95cUxOTWF2MjZlSmVyMUVySTJ3VVpvVWJkc2c4WVJqaUdTWGpKVlFwMURmeFMyQ3RSb3drc0sxaEMtWXRDUGNmOTVfTHRiUnkxb3B2SlZvWlVfbVgzRjJEQm5pUkdtRlB6UHBPWlIydXJNbHlUTTNfTHp5bmRRSURWWE5JSlNPZWs4NEFHWnZTZTBVckd0QVRHNVhJMXViZWtheFBrUGFEVXJMV2w5M3Y5TlZYckRvbmRPaDJobTMyb29NYjFtVTh0clN0R3k3akk3Y2t1dmpCYmVncTNiUdIB3wFBVV95cUxQOTg4SWl5ZE5scXp2N1ZZZ2xEcGRjU2lQZTJhb0V2bzRUYzI0cEVTTnNYbjJ2akU4RDJGNlJiX0NMV00xckVWb1N2aFZrbnZOei00VXQ4TmFvTE9pWEN6LXRiMGVZcmRGZ2x2OXRaX0JCYk9iNFhNRnNxaVJfOElONW0yOXJzd1lZR3AxZHpIUWpVMi1yZWZFZ2QzcnRZMjJ6b1VZVTlEZ2QtcENLYWVxQkxPbHJpcGhyR0ZaTVVuWUh2WTB0S3J2aUFWY19ZZFRzbzZpWFVfZzN4azRBWHg4?oc=5,2026-02-22 21:47:52,India Today NE,"<a href=""https://news.google.com/rss/articles/CBMi2gFBVV95cUxOTWF2MjZlSmVyMUVySTJ3VVpvVWJkc2c4WVJqaUdTWGpKVlFwMURmeFMyQ3RSb3drc0sxaEMtWXRDUGNmOTVfTHRiUnkxb3B2SlZvWlVfbVgzRjJEQm5pUkdtRlB6UHBPWlIydXJNbHlUTTNfTHp5bmRRSURWWE5JSlNPZWs4NEFHWnZTZTBVckd0QVRHNVhJMXViZWtheFBrUGFEVXJMV2w5M3Y5TlZYckRvbmRPaDJobTMyb29NYjFtVTh0clN0R3k3akk3Y2t1dmpCYmVncTNiUdIB3wFBVV95cUxQOTg4SWl5ZE5scXp2N1ZZZ2xEcGRjU2lQZTJhb0V2bzRUYzI0cEVTTnNYbjJ2akU4RDJGNlJiX0NMV00xckVWb1N2aFZrbnZOei00VXQ4TmFvTE9pWEN6LXRiMGVZcmRGZ2x2OXRaX0JCYk9iNFhNRnNxaVJfOElONW0yOXJzd1lZR3AxZHpIUWpVMi1yZWZFZ2QzcnRZMjJ6b1VZVTlEZ2QtcENLYWVxQkxPbHJpcGhyR0ZaTVVuWUh2WTB0S3J2aUFWY19ZZFRzbzZpWFVfZzN4azRBWHg4?oc=5"" target=""_blank"">Dust storm forces IndiGo flight with 144 onboard to divert from Dibrugarh to Imphal</a>&nbsp;&nbsp;<font color=""#6f6f6f"">India Today NE</font>",Disaster,en
IndiGo flight diverted to Imphal following dust storm at Dibrugarh airport - Business Standard,https://news.google.com/rss/articles/CBMi3wFBVV95cUxNOWloU2VwZFNVcmZfcTBIeGF0alpvS0NGRjhoLS1EcDF0b28tUUI0WUo4azVHSzl6U3BIV3AzcTJlVUpadUVpN05JbHNWWDg0YkZCRl8yS2J0dU00Y19NUDVTWjlIejd0eUpMV2d0TUVUb0JKX2xBelh5OUNoZHVWNl9FNVdCQ09WQnIta3lpa2VLYnJKazAzeVZXRmlDZ19SYnoyZS1iZ1FYQTlOT3lIQnVYNWQzeWdVWkUzVUxURFN2QU9TNndZQUJEM2VIN0ozcmg2MGQwRHNWODhqSXZB0gHkAUFVX3lxTE41dldBWnpzM3hRbnBfNmxGTWNMNGw3S1FVM3pQanJYSnNwaGRkOG9uMFBfV1E4Y0llaGoxUGRVeTZaVEp2ei1NMllWNnZkTVNMREVyMHg2eUxUTktoTXJicS1pcEF3d3dNaVRXM2pDSTluN2s4dmEwTVZDRktYV3ozODdyTjBud2o0eGxnRURsRWxia2gwbS1VT09vZURCRWlBeFBiZnRYVE03ejdSdlJDUXRWeXBKN3ZyRl9QODRLaG05VVZoaEk2YU94S3JkbGR3WEJrYkg2aTdFOS1IM0FkeDRlQQ?oc=5,2026-02-22 19:17:30,Business Standard,"<a href=""https://news.google.com/rss/articles/CBMi3wFBVV95cUxNOWloU2VwZFNVcmZfcTBIeGF0alpvS0NGRjhoLS1EcDF0b28tUUI0WUo4azVHSzl6U3BIV3AzcTJlVUpadUVpN05JbHNWWDg0YkZCRl8yS2J0dU00Y19NUDVTWjlIejd0eUpMV2d0TUVUb0JKX2xBelh5OUNoZHVWNl9FNVdCQ09WQnIta3lpa2VLYnJKazAzeVZXRmlDZ19SYnoyZS1iZ1FYQTlOT3lIQnVYNWQzeWdVWkUzVUxURFN2QU9TNndZQUJEM2VIN0ozcmg2MGQwRHNWODhqSXZB0gHkAUFVX3lxTE41dldBWnpzM3hRbnBfNmxGTWNMNGw3S1FVM3pQanJYSnNwaGRkOG9uMFBfV1E4Y0llaGoxUGRVeTZaVEp2ei1NMllWNnZkTVNMREVyMHg2eUxUTktoTXJicS1pcEF3d3dNaVRXM2pDSTluN2s4dmEwTVZDRktYV3ozODdyTjBud2o0eGxnRURsRWxia2gwbS1VT09vZURCRWlBeFBiZnRYVE03ejdSdlJDUXRWeXBKN3ZyRl9QODRLaG05VVZoaEk2YU94S3JkbGR3WEJrYkg2aTdFOS1IM0FkeDRlQQ?oc=5"" target=""_blank"">IndiGo flight diverted to Imphal following dust storm at Dibrugarh airport</a>&nbsp;&nbsp;<font color=""#6f6f6f"">Business Standard</font>",Disaster,en
IndiGo Flight Makes Emergency Diversion To Imphal After Dust Storm At Dibrugarh Airport - News18,https://news.google.com/rss/articles/CBMizwFBVV95cUxPLUdQeGF2WG96X0k5VmNkeXBrUnFfWjl0NU9DbmQxOGtEQ1VjenFWd3BNNGs5QkJsZEk0XzlreVExNTl2ZFlBZ2VwYjQ2czQ1MXctaTZuNWVBZGVVUmpXOWJwLWFNSGUwV01Yam96UXp3RnQxQlVOeDlFb3Y0Y1pzbXlyTXBXSTBaWERwU0JwZDJvMHg3WXM1RWVjWjJuMlU1aEk2amI4MzlQMGtIendKRkxabUZWWDVORkJBdFlDdHFLM0FyclROVnVTZkUyN2fSAdQBQVVfeXFMT1BsZ0FrcjZfemNmMHVDb0hfTllFWElOdTlqM2FvRkZSM2hSeEpPc3FUeS1zXzdiUlJTU3lfWEY0Ykc4Z2xpZzFrckRmUFM4OFg4X0xaXzV4RmZHLTJKVEJmOWNVUUNPZ18waVB4aTJ3T2V2ajNEWmM1cWlmT00tdmZZa01BLUhoZF9zS18yZUl2YVNJYUQyVkd4Q3FicDlqWHVtdmQzMUhKRTF6MlRzNUx6TU9nSVU4ZnJZODJ3WVVyVHpXVW8xN3U2YjE2cEllV2s5QWc?oc=5,2026-02-22 19:21:59,News18,"<a href=""https://news.google.com/rss/articles/CBMizwFBVV95cUxPLUdQeGF2WG96X0k5VmNkeXBrUnFfWjl0NU9DbmQxOGtEQ1VjenFWd3BNNGs5QkJsZEk0XzlreVExNTl2ZFlBZ2VwYjQ2czQ1MXctaTZuNWVBZGVVUmpXOWJwLWFNSGUwV01Yam96UXp3RnQxQlVOeDlFb3Y0Y1pzbXlyTXBXSTBaWERwU0JwZDJvMHg3WXM1RWVjWjJuMlU1aEk2amI4MzlQMGtIendKRkxabUZWWDVORkJBdFlDdHFLM0FyclROVnVTZkUyN2fSAdQBQVVfeXFMT1BsZ0FrcjZfemNmMHVDb0hfTllFWElOdTlqM2FvRkZSM2hSeEpPc3FUeS1zXzdiUlJTU3lfWEY0Ykc4Z2xpZzFrckRmUFM4OFg4X0xaXzV4RmZHLTJKVEJmOWNVUUNPZ18waVB4aTJ3T2V2ajNEWmM1cWlmT00tdmZZa01BLUhoZF9zS18yZUl2YVNJYUQyVkd4Q3FicDlqWHVtdmQzMUhKRTF6MlRzNUx6TU9nSVU4ZnJZODJ3WVVyVHpXVW8xN3U2YjE2cEllV2s5QWc?oc=5"" target=""_blank"">IndiGo Flight Makes Emergency Diversion To Imphal After Dust Storm At Dibrugarh Airport</a>&nbsp;&nbsp;<font color=""#6f6f6f"">News18</font>",Disaster,en
Dust storm in Dibrugarh forces IndiGo to diver flight carrying 144 passengers to Imphal - The Times of India,https://news.google.com/rss/articles/CBMi9gFBVV95cUxOSnQzbmhyRl9qeHlPLW1HSlZnSkE5aHlTUFkwQ2hDMVlsTXlKY1c0NmdTb0RzR3JmV2xBRkpTVEFtVnRjX3NlR01xU0c3VlRueVMxUXRyUE5fM3hXeGVOUWpRTUdPSl9hV3V6WjdXbHpiTmwzbTVyNnE4MWpoeVhpZHZ2WXplRWlhb01CZnRGb3BHZy1ERGRuajFnblA5SFgwUlZ4TDVJNmdLTDJJQWIyakZfeDZOc3Utbmk2VnROU2VlV2JZZHdlWHJFczZqbkdZNkh5MGpEX2ZXb2QxYWJ3MGlGWURrQWhETl9NRUpCNEVCS2dNMnfSAfsBQVVfeXFMTTJ3dS1VdDVPaWpNb2dZM0VfUXMyXzhMRkxicGh2U3FkOUR0MWMzQW42V3J0TkNjX3FDZ21YcDM1ci0xTE9jTFNPZTRXWk1Vek04NzhqZDNzY0VvbF9rbDc3NjZpUHh5MFc0eVQyVVphdndudzd0VjB5ZlRzR1ZwcXlDYTUyT1EzZnZaUkJYdHBYbDd1YzVHRUp1WU5zWEZ6TlkyckpneWxEYjRtYnNVSWRSMEtzN0Z2TmRobElsUlh4NGJ3a3N0clM0NDZIVGxnSnlzWHNJU3NQU1Q3XzJvYTQ1cWM0MEFHMUdGT2dSSzNnelVVUkFQck5rOFU?oc=5,2026-02-22 18:11:00,The Times of India,"<a href=""https://news.google.com/rss/articles/CBMi9gFBVV95cUxOSnQzbmhyRl9qeHlPLW1HSlZnSkE5aHlTUFkwQ2hDMVlsTXlKY1c0NmdTb0RzR3JmV2xBRkpTVEFtVnRjX3NlR01xU0c3VlRueVMxUXRyUE5fM3hXeGVOUWpRTUdPSl9hV3V6WjdXbHpiTmwzbTVyNnE4MWpoeVhpZHZ2WXplRWlhb01CZnRGb3BHZy1ERGRuajFnblA5SFgwUlZ4TDVJNmdLTDJJQWIyakZfeDZOc3Utbmk2VnROU2VlV2JZZHdlWHJFczZqbkdZNkh5MGpEX2ZXb2QxYWJ3MGlGWURrQWhETl9NRUpCNEVCS2dNMnfSAfsBQVVfeXFMTTJ3dS1VdDVPaWpNb2dZM0VfUXMyXzhMRkxicGh2U3FkOUR0MWMzQW42V3J0TkNjX3FDZ21YcDM1ci0xTE9jTFNPZTRXWk1Vek04NzhqZDNzY0VvbF9rbDc3NjZpUHh5MFc0eVQyVVphdndudzd0VjB5ZlRzR1ZwcXlDYTUyT1EzZnZaUkJYdHBYbDd1YzVHRUp1WU5zWEZ6TlkyckpneWxEYjRtYnNVSWRSMEtzN0Z2TmRobElsUlh4NGJ3a3N0clM0NDZIVGxnSnlzWHNJU3NQU1Q3XzJvYTQ1cWM0MEFHMUdGT2dSSzNnelVVUkFQck5rOFU?oc=5"" target=""_blank"">Dust storm in Dibrugarh forces IndiGo to diver flight carrying 144 passengers to Imphal</a>&nbsp;&nbsp;<font color=""#6f6f6f"">The Times of India</font>",Disaster,en
Dust storm forces IndiGo flight with 144 onboard to divert from Dibrugarh to Imphal - India Today NE,https://news.google.com/rss/articles/CBMi2gFBVV95cUxOTWF2MjZlSmVyMUVySTJ3VVpvVWJkc2c4WVJqaUdTWGpKVlFwMURmeFMyQ3RSb3drc0sxaEMtWXRDUGNmOTVfTHRiUnkxb3B2SlZvWlVfbVgzRjJEQm5pUkdtRlB6UHBPWlIydXJNbHlUTTNfTHp5bmRRSURWWE5JSlNPZWs4NEFHWnZTZTBVckd0QVRHNVhJMXViZWtheFBrUGFEVXJMV2w5M3Y5TlZYckRvbmRPaDJobTMyb29NYjFtVTh0clN0R3k3akk3Y2t1dmpCYmVncTNiUdIB3wFBVV95cUxQOTg4SWl5ZE5scXp2N1ZZZ2xEcGRjU2lQZTJhb0V2bzRUYzI0cEVTTnNYbjJ2akU4RDJGNlJiX0NMV00xckVWb1N2aFZrbnZOei00VXQ4TmFvTE9pWEN6LXRiMGVZcmRGZ2x2OXRaX0JCYk9iNFhNRnNxaVJfOElONW0yOXJzd1lZR3AxZHpIUWpVMi1yZWZFZ2QzcnRZMjJ6b1VZVTlEZ2QtcENLYWVxQkxPbHJpcGhyR0ZaTVVuWUh2WTB0S3J2aUFWY19ZZFRzbzZpWFVfZzN4azRBWHg4?oc=5,2026-02-22 21:47:52,India Today NE,"<a href=""https://news.google.com/rss/articles/CBMi2gFBVV95cUxOTWF2MjZlSmVyMUVySTJ3VVpvVWJkc2c4WVJqaUdTWGpKVlFwMURmeFMyQ3RSb3drc0sxaEMtWXRDUGNmOTVfTHRiUnkxb3B2SlZvWlVfbVgzRjJEQm5pUkdtRlB6UHBPWlIydXJNbHlUTTNfTHp5bmRRSURWWE5JSlNPZWs4NEFHWnZTZTBVckd0QVRHNVhJMXViZWtheFBrUGFEVXJMV2w5M3Y5TlZYckRvbmRPaDJobTMyb29NYjFtVTh0clN0R3k3akk3Y2t1dmpCYmVncTNiUdIB3wFBVV95cUxQOTg4SWl5ZE5scXp2N1ZZZ2xEcGRjU2lQZTJhb0V2bzRUYzI0cEVTTnNYbjJ2akU4RDJGNlJiX0NMV00xckVWb1N2aFZrbnZOei00VXQ4TmFvTE9pWEN6LXRiMGVZcmRGZ2x2OXRaX0JCYk9iNFhNRnNxaVJfOElONW0yOXJzd1lZR3AxZHpIUWpVMi1yZWZFZ2QzcnRZMjJ6b1VZVTlEZ2QtcENLYWVxQkxPbHJpcGhyR0ZaTVVuWUh2WTB0S3J2aUFWY19ZZFRzbzZpWFVfZzN4azRBWHg4?oc=5"" target=""_blank"">Dust storm forces IndiGo flight with 144 onboard to divert from Dibrugarh to Imphal</a>&nbsp;&nbsp;<font color=""#6f6f6f"">India Today NE</font>",Disaster,en
IndiGo flight diverted to Imphal following dust storm at Dibrugarh airport - Business Standard,https://news.google.com/rss/articles/CBMi3wFBVV95cUxNOWloU2VwZFNVcmZfcTBIeGF0alpvS0NGRjhoLS1EcDF0b28tUUI0WUo4azVHSzl6U3BIV3AzcTJlVUpadUVpN05JbHNWWDg0YkZCRl8yS2J0dU00Y19NUDVTWjlIejd0eUpMV2d0TUVUb0JKX2xBelh5OUNoZHVWNl9FNVdCQ09WQnIta3lpa2VLYnJKazAzeVZXRmlDZ19SYnoyZS1iZ1FYQTlOT3lIQnVYNWQzeWdVWkUzVUxURFN2QU9TNndZQUJEM2VIN0ozcmg2MGQwRHNWODhqSXZB0gHkAUFVX3lxTE41dldBWnpzM3hRbnBfNmxGTWNMNGw3S1FVM3pQanJYSnNwaGRkOG9uMFBfV1E4Y0llaGoxUGRVeTZaVEp2ei1NMllWNnZkTVNMREVyMHg2eUxUTktoTXJicS1pcEF3d3dNaVRXM2pDSTluN2s4dmEwTVZDRktYV3ozODdyTjBud2o0eGxnRURsRWxia2gwbS1VT09vZURCRWlBeFBiZnRYVE03ejdSdlJDUXRWeXBKN3ZyRl9QODRLaG05VVZoaEk2YU94S3JkbGR3WEJrYkg2aTdFOS1IM0FkeDRlQQ?oc=5,2026-02-22 19:17:30,Business Standard,"<a href=""https://news.google.com/rss/articles/CBMi3wFBVV95cUxNOWloU2VwZFNVcmZfcTBIeGF0alpvS0NGRjhoLS1EcDF0b28tUUI0WUo4azVHSzl6U3BIV3AzcTJlVUpadUVpN05JbHNWWDg0YkZCRl8yS2J0dU00Y19NUDVTWjlIejd0eUpMV2d0TUVUb0JKX2xBelh5OUNoZHVWNl9FNVdCQ09WQnIta3lpa2VLYnJKazAzeVZXRmlDZ19SYnoyZS1iZ1FYQTlOT3lIQnVYNWQzeWdVWkUzVUxURFN2QU9TNndZQUJEM2VIN0ozcmg2MGQwRHNWODhqSXZB0gHkAUFVX3lxTE41dldBWnpzM3hRbnBfNmxGTWNMNGw3S1FVM3pQanJYSnNwaGRkOG9uMFBfV1E4Y0llaGoxUGRVeTZaVEp2ei1NMllWNnZkTVNMREVyMHg2eUxUTktoTXJicS1pcEF3d3dNaVRXM2pDSTluN2s4dmEwTVZDRktYV3ozODdyTjBud2o0eGxnRURsRWxia2gwbS1VT09vZURCRWlBeFBiZnRYVE03ejdSdlJDUXRWeXBKN3ZyRl9QODRLaG05VVZoaEk2YU94S3JkbGR3WEJrYkg2aTdFOS1IM0FkeDRlQQ?oc=5"" target=""_blank"">IndiGo flight diverted to Imphal following dust storm at Dibrugarh airport</a>&nbsp;&nbsp;<font color=""#6f6f6f"">Business Standard</font>",Disaster,en
IndiGo Flight Makes Emergency Diversion To Imphal After Dust Storm At Dibrugarh Airport - News18,https://news.google.com/rss/articles/CBMizwFBVV95cUxPLUdQeGF2WG96X0k5VmNkeXBrUnFfWjl0NU9DbmQxOGtEQ1VjenFWd3BNNGs5QkJsZEk0XzlreVExNTl2ZFlBZ2VwYjQ2czQ1MXctaTZuNWVBZGVVUmpXOWJwLWFNSGUwV01Yam96UXp3RnQxQlVOeDlFb3Y0Y1pzbXlyTXBXSTBaWERwU0JwZDJvMHg3WXM1RWVjWjJuMlU1aEk2amI4MzlQMGtIendKRkxabUZWWDVORkJBdFlDdHFLM0FyclROVnVTZkUyN2fSAdQBQVVfeXFMT1BsZ0FrcjZfemNmMHVDb0hfTllFWElOdTlqM2FvRkZSM2hSeEpPc3FUeS1zXzdiUlJTU3lfWEY0Ykc4Z2xpZzFrckRmUFM4OFg4X0xaXzV4RmZHLTJKVEJmOWNVUUNPZ18waVB4aTJ3T2V2ajNEWmM1cWlmT00tdmZZa01BLUhoZF9zS18yZUl2YVNJYUQyVkd4Q3FicDlqWHVtdmQzMUhKRTF6MlRzNUx6TU9nSVU4ZnJZODJ3WVVyVHpXVW8xN3U2YjE2cEllV2s5QWc?oc=5,2026-02-22 19:21:59,News18,"<a href=""https://news.google.com/rss/articles/CBMizwFBVV95cUxPLUdQeGF2WG96X0k5VmNkeXBrUnFfWjl0NU9DbmQxOGtEQ1VjenFWd3BNNGs5QkJsZEk0XzlreVExNTl2ZFlBZ2VwYjQ2czQ1MXctaTZuNWVBZGVVUmpXOWJwLWFNSGUwV01Yam96UXp3RnQxQlVOeDlFb3Y0Y1pzbXlyTXBXSTBaWERwU0JwZDJvMHg3WXM1RWVjWjJuMlU1aEk2amI4MzlQMGtIendKRkxabUZWWDVORkJBdFlDdHFLM0FyclROVnVTZkUyN2fSAdQBQVVfeXFMT1BsZ0FrcjZfemNmMHVDb0hfTllFWElOdTlqM2FvRkZSM2hSeEpPc3FUeS1zXzdiUlJTU3lfWEY0Ykc4Z2xpZzFrckRmUFM4OFg4X0xaXzV4RmZHLTJKVEJmOWNVUUNPZ18waVB4aTJ3T2V2ajNEWmM1cWlmT00tdmZZa01BLUhoZF9zS18yZUl2YVNJYUQyVkd4Q3FicDlqWHVtdmQzMUhKRTF6MlRzNUx6TU9nSVU4ZnJZODJ3WVVyVHpXVW8xN3U2YjE2cEllV2s5QWc?oc=5"" target=""_blank"">IndiGo Flight Makes Emergency Diversion To Imphal After Dust Storm At Dibrugarh Airport</a>&nbsp;&nbsp;<font color=""#6f6f6f"">News18</font>",Disaster,en
