Title,Link,Date,Source,Summary,Term,LanguageQueried
कल का मौसम 10 April 2025 : प्रचंड गर्मी पर बारिश करेगी प्रहार! 2 दिन धूल भरी आंधी-वज्रपात का पूर्वानुमान; मौसम - Times Now Navbharat,https://news.google.com/rss/articles/CBMirAJBVV95cUxOZDFZbkFOS2tJaEdEMkFXWWVEbFFWOFZRVzJDSXNmcEpTSHdPNHIteVBFajhMbUZaSklFUlBWdk5FTnAyUHhnamxhcUlMenhOdk5ua21RaWR2RWQyaW90eHFwWGNRaGNFVWpXMlZDeVRXYVR5SHAxd1NXM1FyQ0k2ZmtPSXhVTVgzZ1FsWnlDQm5ncWUxU3BEYkxQMVZINUlMakFSTTBiSU53ZDlKd2FfcjI3R3RMSmc3OVVhWFdIZl9iY01lSm1VeXVBZzlvZnkxbzNudVV4MGl1dzBOam1XZWpwUjlCUTV1X0JkajVqck1FQXdhWWNJUElaam1rZHM1a0l3cm1KS2JTTkxXaWxaMGl3QnphT3hGRllWY3NpRklRcTdHOUg2akNyRXHSAbICQVVfeXFMTzh1RGtIQjNYSXhkMWRiaEs4MkczS0tSZ0dsUmJnTlZMeWZtQlBiVEFkUkRTNWhpVVdZNEN3OWV3X1ZqZTBLaHhjWC14UXNxX2RFT2hveGdwWFBKQ1VVY1l2SE9wSV92MVZmcWltUVZ0cEk0dldwVFR0NXN5TlVmdk5ybDAwc0JPTFlRTzEtbWQ2aEtjZUduaFBDS3RzSGQyWV8teVI1VnV0TE1LV2o0aUFSdmhleWJHMTJoZlowQUlYbEVUdk9QaW1JcmNUSGVoYkdLVUxaTnZVX2V6b05hYmdMMkNVbERGSnNGYTJGd0hRREc2dk4zMzhTRWtOcDJvTG5vY21aM1pMMnN5blo4WU9vSi1RcVFGOThWWlM3QmpZSVg1T1FzUmdtdk5WY2ZaRS1B?oc=5,2025-04-09 16:27:59,Times Now Navbharat,"<a href=""https://news.google.com/rss/articles/CBMirAJBVV95cUxOZDFZbkFOS2tJaEdEMkFXWWVEbFFWOFZRVzJDSXNmcEpTSHdPNHIteVBFajhMbUZaSklFUlBWdk5FTnAyUHhnamxhcUlMenhOdk5ua21RaWR2RWQyaW90eHFwWGNRaGNFVWpXMlZDeVRXYVR5SHAxd1NXM1FyQ0k2ZmtPSXhVTVgzZ1FsWnlDQm5ncWUxU3BEYkxQMVZINUlMakFSTTBiSU53ZDlKd2FfcjI3R3RMSmc3OVVhWFdIZl9iY01lSm1VeXVBZzlvZnkxbzNudVV4MGl1dzBOam1XZWpwUjlCUTV1X0JkajVqck1FQXdhWWNJUElaam1rZHM1a0l3cm1KS2JTTkxXaWxaMGl3QnphT3hGRllWY3NpRklRcTdHOUg2akNyRXHSAbICQVVfeXFMTzh1RGtIQjNYSXhkMWRiaEs4MkczS0tSZ0dsUmJnTlZMeWZtQlBiVEFkUkRTNWhpVVdZNEN3OWV3X1ZqZTBLaHhjWC14UXNxX2RFT2hveGdwWFBKQ1VVY1l2SE9wSV92MVZmcWltUVZ0cEk0dldwVFR0NXN5TlVmdk5ybDAwc0JPTFlRTzEtbWQ2aEtjZUduaFBDS3RzSGQyWV8teVI1VnV0TE1LV2o0aUFSdmhleWJHMTJoZlowQUlYbEVUdk9QaW1JcmNUSGVoYkdLVUxaTnZVX2V6b05hYmdMMkNVbERGSnNGYTJGd0hRREc2dk4zMzhTRWtOcDJvTG5vY21aM1pMMnN5blo4WU9vSi1RcVFGOThWWlM3QmpZSVg1T1FzUmdtdk5WY2ZaRS1B?oc=5"" target=""_blank"">कल का मौसम 10 April 2025 : प्रचंड गर्मी पर बारिश करेगी प्रहार! 2 दिन धूल भरी आंधी-वज्रपात का पूर्वानुमान; मौसम</a>&nbsp;&nbsp;<font color=""#6f6f6f"">Times Now Navbharat</font>",Heatwave,kn
Mumbai on Yellow Alert for Heat; Temperature May Cross 35 Degrees — Is Relief Expected Soon? - Times Now,https://news.google.com/rss/articles/CBMimgJBVV95cUxNMEhPc1JQc0pMTlFWaHRDc1ZDanlMTTljczJubGtUcVotRGNHclExRURBWXNDWFpWcUsxV3F3RHp5Wlh2VW8yb2xOQVNoTl9ncFZmWGlRak1wanE1Q0pHMnBGRVRhLTdoQnMtWjVSb2ZWWWJWVkVhbnJpZGQ0UDk2OUw1alRydjBSZlEyR3NleTV2TTByUU94UVVTT3lMNWFIa1Y2TlZRamt2VkwxQlptVnRIZW5ESk9MdVk4QUdNamdwMXo0dzcxdGJTd3VaTXh1NG9YYndFNnVpWlZxczFtdGMyeWZIXzctZmozMWVmRWpLSkdvWUFYUV9NbjZXRm0xMEVPdWl1TmZ2Zjk2MGtIdUJuQkdSekw1aXfSAZ8CQVVfeXFMUFZ3cHZnN0gxSFVoVVh4RFFYNW5LMk0wajUtcF9wQ2NmUUM5Q1hkV0tEQi1MVjdBaHJSQlFTVGlIR09KTTZhREJpUFotcks0ZWVycGVTMVlGalc0S0tpa3VhOWQyeW1BMjdhNEV4S1BiVTdGc3pyZmNZdjBMT3Y4a2tZeE9wTWN2SmxwU3lmTmg4Zl9MZG90X2xrejBIZzA3VUV6M19ERnJjRWZRbkhKNUpFNWs4UnQtWUMweF85cVRKRmt2blVHSWhaWWR4X1E2aHU0YjI0TkpxQ245S3FGNjh6VEFxeS16OXk2QUYwQTZpbm5CNDVJU0pycEE5U04zc2l0cEkzMklHOWRzYTY0RFpjRTNEc1JVOS1jS2tacVU?oc=5,2025-04-10 07:13:50,Times Now,"<a href=""https://news.google.com/rss/articles/CBMimgJBVV95cUxNMEhPc1JQc0pMTlFWaHRDc1ZDanlMTTljczJubGtUcVotRGNHclExRURBWXNDWFpWcUsxV3F3RHp5Wlh2VW8yb2xOQVNoTl9ncFZmWGlRak1wanE1Q0pHMnBGRVRhLTdoQnMtWjVSb2ZWWWJWVkVhbnJpZGQ0UDk2OUw1alRydjBSZlEyR3NleTV2TTByUU94UVVTT3lMNWFIa1Y2TlZRamt2VkwxQlptVnRIZW5ESk9MdVk4QUdNamdwMXo0dzcxdGJTd3VaTXh1NG9YYndFNnVpWlZxczFtdGMyeWZIXzctZmozMWVmRWpLSkdvWUFYUV9NbjZXRm0xMEVPdWl1TmZ2Zjk2MGtIdUJuQkdSekw1aXfSAZ8CQVVfeXFMUFZ3cHZnN0gxSFVoVVh4RFFYNW5LMk0wajUtcF9wQ2NmUUM5Q1hkV0tEQi1MVjdBaHJSQlFTVGlIR09KTTZhREJpUFotcks0ZWVycGVTMVlGalc0S0tpa3VhOWQyeW1BMjdhNEV4S1BiVTdGc3pyZmNZdjBMT3Y4a2tZeE9wTWN2SmxwU3lmTmg4Zl9MZG90X2xrejBIZzA3VUV6M19ERnJjRWZRbkhKNUpFNWs4UnQtWUMweF85cVRKRmt2blVHSWhaWWR4X1E2aHU0YjI0TkpxQ245S3FGNjh6VEFxeS16OXk2QUYwQTZpbm5CNDVJU0pycEE5U04zc2l0cEkzMklHOWRzYTY0RFpjRTNEc1JVOS1jS2tacVU?oc=5"" target=""_blank"">Mumbai on Yellow Alert for Heat; Temperature May Cross 35 Degrees — Is Relief Expected Soon?</a>&nbsp;&nbsp;<font color=""#6f6f6f"">Times Now</font>",Heatwave,en
"IMD Weather Forecast: Flags Heat Wave, Warm Nights, And Hot-Humid Conditions Across Regions - news24online.com",https://news.google.com/rss/articles/CBMixgFBVV95cUxOTXU2MDVZTTR2UjhJYlhFMW9vSFlrSjl4cGVXR1dRdDZNYjhndDJlZWxFZmJhckVGLWpMdDc3VE5yRVBaQ1Z2MVg3dXZ2RWRWeHg4RVNIeXMycWg0cFhfaU1ZQ1p4bkhOdTNLWnVGQmtZX2YwazUySF85U1JQR1AzZmY1MWlQOGg3eHdDcXhRSFkwT010UVBnWUpudTRBZlUyMFBfLWJpX2lHZ1lQYk5WZVppRHhSVnppWWszb2NsbTYxcm9WV0E?oc=5,2025-04-09 20:56:04,news24online.com,"<a href=""https://news.google.com/rss/articles/CBMixgFBVV95cUxOTXU2MDVZTTR2UjhJYlhFMW9vSFlrSjl4cGVXR1dRdDZNYjhndDJlZWxFZmJhckVGLWpMdDc3VE5yRVBaQ1Z2MVg3dXZ2RWRWeHg4RVNIeXMycWg0cFhfaU1ZQ1p4bkhOdTNLWnVGQmtZX2YwazUySF85U1JQR1AzZmY1MWlQOGg3eHdDcXhRSFkwT010UVBnWUpudTRBZlUyMFBfLWJpX2lHZ1lQYk5WZVppRHhSVnppWWszb2NsbTYxcm9WV0E?oc=5"" target=""_blank"">IMD Weather Forecast: Flags Heat Wave, Warm Nights, And Hot-Humid Conditions Across Regions</a>&nbsp;&nbsp;<font color=""#6f6f6f"">news24online.com</font>",Heatwave,en
Rajasthan sizzles at 46.4 degrees. What IMD predicted for Delhi heatwave | Weather updates - Hindustan Times,https://news.google.com/rss/articles/CBMi9wFBVV95cUxOU1l6Vzkzc2JXUmR6QzZJLWoyb2NWbUJhWXphVXZvN3lTT2QxMGRGaGxMM3M2SDhhX0RwV21fQ3ZxM0FVVHVsY28zNHBDVTRtMDhEcE1iMFA0MXBPckp0NGhTTkwzX0h5N2ZacDlOOUJKRDF3SFpoeDMxNmV6U0J1NElaYXdpOG1iXzZyOFVTcjl6WE9raXMwa0xNWTA3MlpJbEhrNWRZRWtrSzZrVVZkd3dhTXhGbXFtdWo5bnZRdWZ2S2szekpXUFA4djFKcFRQa3VfZjQ0Vk5xS3lWcTVJbmt6M09vbUQ1VkM5bklNVThVcTRnYURR?oc=5,2025-04-09 13:37:50,Hindustan Times,"<a href=""https://news.google.com/rss/articles/CBMi9wFBVV95cUxOU1l6Vzkzc2JXUmR6QzZJLWoyb2NWbUJhWXphVXZvN3lTT2QxMGRGaGxMM3M2SDhhX0RwV21fQ3ZxM0FVVHVsY28zNHBDVTRtMDhEcE1iMFA0MXBPckp0NGhTTkwzX0h5N2ZacDlOOUJKRDF3SFpoeDMxNmV6U0J1NElaYXdpOG1iXzZyOFVTcjl6WE9raXMwa0xNWTA3MlpJbEhrNWRZRWtrSzZrVVZkd3dhTXhGbXFtdWo5bnZRdWZ2S2szekpXUFA4djFKcFRQa3VfZjQ0Vk5xS3lWcTVJbmt6M09vbUQ1VkM5bklNVThVcTRnYURR?oc=5"" target=""_blank"">Rajasthan sizzles at 46.4 degrees. What IMD predicted for Delhi heatwave | Weather updates</a>&nbsp;&nbsp;<font color=""#6f6f6f"">Hindustan Times</font>",Heatwave,en
India braces for extended heatwaves again as summer heat expected to strain power systems - MSN,https://news.google.com/rss/articles/CBMi1gFBVV95cUxNT1kyZmhYUkNrbGZCeFp5MzI4d2V5NEtlMS1wM21Pa0FvRTczRDBMY2JhVGN1R0k0SEZROEl3eWpaZkNRai1SWTBSSi1nZTlOTmhDb09RdTgtQXJrdmFKQ1NHakhudUFPY1NMRl9ldG12bUp4bXVVaDI5a05sMzE4RE1OOVh5bmhfTGdhd3VzNXFJOTBnR1hkZGxzd1JPcUdkS3N0TXpoSE81cFB3MWRYRzdnSXZSZmRDR19RVE5LR0dEbnVRTThrU0pieUxaam5ualo4TEZR?oc=5,2025-04-09 11:44:53,MSN,"<a href=""https://news.google.com/rss/articles/CBMi1gFBVV95cUxNT1kyZmhYUkNrbGZCeFp5MzI4d2V5NEtlMS1wM21Pa0FvRTczRDBMY2JhVGN1R0k0SEZROEl3eWpaZkNRai1SWTBSSi1nZTlOTmhDb09RdTgtQXJrdmFKQ1NHakhudUFPY1NMRl9ldG12bUp4bXVVaDI5a05sMzE4RE1OOVh5bmhfTGdhd3VzNXFJOTBnR1hkZGxzd1JPcUdkS3N0TXpoSE81cFB3MWRYRzdnSXZSZmRDR19RVE5LR0dEbnVRTThrU0pieUxaam5ualo4TEZR?oc=5"" target=""_blank"">India braces for extended heatwaves again as summer heat expected to strain power systems</a>&nbsp;&nbsp;<font color=""#6f6f6f"">MSN</font>",Heatwave,en
"AP and Telangana Weather, April 10: Intense heat with rain? Check updates - Asianet Newsable",https://news.google.com/rss/articles/CBMixwFBVV95cUxPdU90NFR6ZkRmZGtqNEhaUGd4TDVNZmxrZ0JNMnN4Qk9sYkJXR1hLT25DZlBLZWZOWkFPQThvdG02RkJIRVlwd3dkZ0NsU3d1cHN0NWM0Y1VvWVYxbDJiMTJMTURnTUowUkJFaW9LSjEwNFVCc3hJZFBmSlFUdUFoRlp6b19RRE5pR3d3WXgyYjYwT2FXYkRZcUs0OFRIaU1LLXEyMzFzZ09wNGpyZDlRQkFHOUV5M0VOTmk0dno0WFNiRzNTaEpj0gHMAUFVX3lxTE5HeHJlMzZkMzc4b05TRlBMLUNJN3lGYURILUtBeWxRQnl3YXp4NkVGcWVuVWo1VFNlODhvX2UxaFhaTXhBMUYwS05BU2RJZ2U3X3JuNW56OEJGbnpWeElEOXgtanRPQjNNeXRfMXJEaFp4eG9NN29KTjd1UkdvZ1JFWVF1WkZUdGhFSmEtblN2Uy1FSTlJdF9YaTZROEZoRzY4ZmVGem1VRGxhbjJQMEFiS1NmV2VvdHFRZDgzOHFtd1U5MzJtT3dOTXJMWg?oc=5,2025-04-10 07:10:35,Asianet Newsable,"<a href=""https://news.google.com/rss/articles/CBMixwFBVV95cUxPdU90NFR6ZkRmZGtqNEhaUGd4TDVNZmxrZ0JNMnN4Qk9sYkJXR1hLT25DZlBLZWZOWkFPQThvdG02RkJIRVlwd3dkZ0NsU3d1cHN0NWM0Y1VvWVYxbDJiMTJMTURnTUowUkJFaW9LSjEwNFVCc3hJZFBmSlFUdUFoRlp6b19RRE5pR3d3WXgyYjYwT2FXYkRZcUs0OFRIaU1LLXEyMzFzZ09wNGpyZDlRQkFHOUV5M0VOTmk0dno0WFNiRzNTaEpj0gHMAUFVX3lxTE5HeHJlMzZkMzc4b05TRlBMLUNJN3lGYURILUtBeWxRQnl3YXp4NkVGcWVuVWo1VFNlODhvX2UxaFhaTXhBMUYwS05BU2RJZ2U3X3JuNW56OEJGbnpWeElEOXgtanRPQjNNeXRfMXJEaFp4eG9NN29KTjd1UkdvZ1JFWVF1WkZUdGhFSmEtblN2Uy1FSTlJdF9YaTZROEZoRzY4ZmVGem1VRGxhbjJQMEFiS1NmV2VvdHFRZDgzOHFtd1U5MzJtT3dOTXJMWg?oc=5"" target=""_blank"">AP and Telangana Weather, April 10: Intense heat with rain? Check updates</a>&nbsp;&nbsp;<font color=""#6f6f6f"">Asianet Newsable</font>",Heatwave,en
