Title,Link,Date,Source,Summary,Term,LanguageQueried
"पंजाब-हिमाचल और राजस्थान में बाढ़ का तांडव जारी, दिल्ली से यूपी तक भारी बारिश का अलर्ट - Weather Update heavy rain North India heatwave summer Forecast IMD Delhi NCR to UP Bihar Haryana flood Punjab flood kashmir flo - Jagran",https://news.google.com/rss/articles/CBMioAJBVV95cUxNa3FUcjlJdFBVTnRVUm1YQjdiY2cyc3o0WnRHekFGZFZWaDZYSXRXVkd3VkxuRU9TZENUN3pfcWptT1VUVUp4eTVLYTdKRHRXWUJ2UndfSWtsRjl5cVVfSFg3eXJIUVdKTm84SDRwNHJjY3NHMnhXTkFCN1NBR1pORmowMmViS1U0U1Z4UEZtc1o5Z2ZCV3ZpMTdCYTdfYzRpX3hoZ3ZwcUFXRkxUa0N5NUhxcURTVUFZemJ5S1N4emRObzRWZjhqY1drQnBSU1JDRWFzMWt3ZjhndkZfdGdzbTFlRjZiaXdtV183XzI3U3kwdnppOElGc2h3Mk1SZ2psdTVreDdJQTJra2J5STJXTXhNN211cnJMdGxUMzhzMUQ?oc=5,2025-09-07 05:30:00,Jagran,"<a href=""https://news.google.com/rss/articles/CBMioAJBVV95cUxNa3FUcjlJdFBVTnRVUm1YQjdiY2cyc3o0WnRHekFGZFZWaDZYSXRXVkd3VkxuRU9TZENUN3pfcWptT1VUVUp4eTVLYTdKRHRXWUJ2UndfSWtsRjl5cVVfSFg3eXJIUVdKTm84SDRwNHJjY3NHMnhXTkFCN1NBR1pORmowMmViS1U0U1Z4UEZtc1o5Z2ZCV3ZpMTdCYTdfYzRpX3hoZ3ZwcUFXRkxUa0N5NUhxcURTVUFZemJ5S1N4emRObzRWZjhqY1drQnBSU1JDRWFzMWt3ZjhndkZfdGdzbTFlRjZiaXdtV183XzI3U3kwdnppOElGc2h3Mk1SZ2psdTVreDdJQTJra2J5STJXTXhNN211cnJMdGxUMzhzMUQ?oc=5"" target=""_blank"">पंजाब-हिमाचल और राजस्थान में बाढ़ का तांडव जारी, दिल्ली से यूपी तक भारी बारिश का अलर्ट - Weather Update heavy rain North India heatwave summer Forecast IMD Delhi NCR to UP Bihar Haryana flood Punjab flood kashmir flo</a>&nbsp;&nbsp;<font color=""#6f6f6f"">Jagran</font>",Disaster,hi
"केराकत में तेज बारिश और तूफान: मक्के की फसल गिरी, किसानों को नुकसान; बिजली भी गुल - Dainik Bhaskar",https://news.google.com/rss/articles/CBMirwFBVV95cUxNWUMtMW50VjludUxteXdKSm1IOWpVY09OWmlCS3FZUjRjdUNBVGJ3NmVlaHJEdzFaOGNVcUR2M05KOXpRUUFfaTNnejBnYjV0VGtUT05LNXd2eEFYT01JUVlENi0zMUItY1JKel83Zy1CcDJrbEU4d3EtUHpsWnl1S1VWVjY1RXRlMDh3emhDYWdOZ1BwZXRKR1phc1JWYVNMSVFIMHRUTEpDZFFzcDlF0gG0AUFVX3lxTFAwWVNxLUxGVDhjMGlxSTFFekZ3WXlzSXdiejg2c0FCbTdKOHNRSGN1VDJ1MXpMZzF6d0UzZUpNY0dUdlVVZE1INTlTejl6U196d3lDZ2k1cC0taWo1Ynh2SHNNUHhFLWo2eDFHb053MTRreHdDNTh5amF4dkF5RUc2a1Q3TU93ZjRLVXJpVXJKcEEzN2RDLUZCMXlvaWM1N2E0bElQNFNkbFN1OGpXMmhydGFWRg?oc=5,2025-09-07 08:36:50,Dainik Bhaskar,"<a href=""https://news.google.com/rss/articles/CBMirwFBVV95cUxNWUMtMW50VjludUxteXdKSm1IOWpVY09OWmlCS3FZUjRjdUNBVGJ3NmVlaHJEdzFaOGNVcUR2M05KOXpRUUFfaTNnejBnYjV0VGtUT05LNXd2eEFYT01JUVlENi0zMUItY1JKel83Zy1CcDJrbEU4d3EtUHpsWnl1S1VWVjY1RXRlMDh3emhDYWdOZ1BwZXRKR1phc1JWYVNMSVFIMHRUTEpDZFFzcDlF0gG0AUFVX3lxTFAwWVNxLUxGVDhjMGlxSTFFekZ3WXlzSXdiejg2c0FCbTdKOHNRSGN1VDJ1MXpMZzF6d0UzZUpNY0dUdlVVZE1INTlTejl6U196d3lDZ2k1cC0taWo1Ynh2SHNNUHhFLWo2eDFHb053MTRreHdDNTh5amF4dkF5RUc2a1Q3TU93ZjRLVXJpVXJKcEEzN2RDLUZCMXlvaWM1N2E0bElQNFNkbFN1OGpXMmhydGFWRg?oc=5"" target=""_blank"">केराकत में तेज बारिश और तूफान: मक्के की फसल गिरी, किसानों को नुकसान; बिजली भी गुल</a>&nbsp;&nbsp;<font color=""#6f6f6f"">Dainik Bhaskar</font>",Disaster,hi
"वाराणसी-गाजीपुर, बलिया और मिर्जापुर में फिर बढ़ने लगा गंगा नदी का जलस्तर, आगरा में यमुना खतरे के निशान पर - Navbharat Times",https://news.google.com/rss/articles/CBMiqAJBVV95cUxNLWNWaHpJQXlsWXFKc0diY2tWbEdJMjFMVXRMaUg5dlh6X1MtN1Y3RXQ1R3Y5bW42cVB4ZmUtOU1HXzRUNTNVWjQ3S2J4ekRuU1lySWNhN0Uzb0RWRTg3My1xbU1qVTVldWVmLTdBQTFtMnRVOE5wcGlzbEtYd1FvVzBhSnpTNGJUVEFhekJRZ1B4WTdjaGxQZG5neVpMdTRNZi0xM1RYTmRQeWRHM08zb2NlZTY2RnpJZXUwOG9uUGZJSjQ1QWU2UnYzTGYwQldUVmVXaVM5UkhzTlZocjhrRHI0by04OUdsVzZrYzRTb2lYVWt1NDMybnYzdHFQbDZ5REVNYmlLQ0dpeFFhR05zTEhLc1JjUGprV2FnekxGNW5SM0dKNFF6c9IBrgJBVV95cUxNNEMwMlY0U3ROaVNfalhmLVJmMkU0eFg2TzNUTUZfUmZJYUtIUm9KWGZ6TVZuLXhUdnNXN0JTS2MzdEUyZ2d0T2xMZWROdnUxcEh5dHJCM0R1WjRoSG9tek9lSEs1cjhiVlplRnFuNzhTbnNkbTVoUHh6bzJFSkRVbC0yRWM0bi1UVUVwMWcteVBucVB3Y0lGNWRNUWJUd2pVMnlTV3gzeWNVb0RoYUI1YWlseDVSajBTaXZwLTduN3ZGQVp2MkstclRqZ0tUVTRCY2FxWXJKckFYaTVzQ0s4cy15MnVlT3lvZFFwV1VvS2RIZVdTUzlqekwtZ3g2U1o4YkhUNnZLYlBheEdwOWdQcmNaYUNzWjBBQS1vX3lONkJHRnBTbGl5ZERkS0h5dw?oc=5,2025-09-07 09:16:29,Navbharat Times,"<a href=""https://news.google.com/rss/articles/CBMiqAJBVV95cUxNLWNWaHpJQXlsWXFKc0diY2tWbEdJMjFMVXRMaUg5dlh6X1MtN1Y3RXQ1R3Y5bW42cVB4ZmUtOU1HXzRUNTNVWjQ3S2J4ekRuU1lySWNhN0Uzb0RWRTg3My1xbU1qVTVldWVmLTdBQTFtMnRVOE5wcGlzbEtYd1FvVzBhSnpTNGJUVEFhekJRZ1B4WTdjaGxQZG5neVpMdTRNZi0xM1RYTmRQeWRHM08zb2NlZTY2RnpJZXUwOG9uUGZJSjQ1QWU2UnYzTGYwQldUVmVXaVM5UkhzTlZocjhrRHI0by04OUdsVzZrYzRTb2lYVWt1NDMybnYzdHFQbDZ5REVNYmlLQ0dpeFFhR05zTEhLc1JjUGprV2FnekxGNW5SM0dKNFF6c9IBrgJBVV95cUxNNEMwMlY0U3ROaVNfalhmLVJmMkU0eFg2TzNUTUZfUmZJYUtIUm9KWGZ6TVZuLXhUdnNXN0JTS2MzdEUyZ2d0T2xMZWROdnUxcEh5dHJCM0R1WjRoSG9tek9lSEs1cjhiVlplRnFuNzhTbnNkbTVoUHh6bzJFSkRVbC0yRWM0bi1UVUVwMWcteVBucVB3Y0lGNWRNUWJUd2pVMnlTV3gzeWNVb0RoYUI1YWlseDVSajBTaXZwLTduN3ZGQVp2MkstclRqZ0tUVTRCY2FxWXJKckFYaTVzQ0s4cy15MnVlT3lvZFFwV1VvS2RIZVdTUzlqekwtZ3g2U1o4YkhUNnZLYlBheEdwOWdQcmNaYUNzWjBBQS1vX3lONkJHRnBTbGl5ZERkS0h5dw?oc=5"" target=""_blank"">वाराणसी-गाजीपुर, बलिया और मिर्जापुर में फिर बढ़ने लगा गंगा नदी का जलस्तर, आगरा में यमुना खतरे के निशान पर</a>&nbsp;&nbsp;<font color=""#6f6f6f"">Navbharat Times</font>",Disaster,hi
Video | Himachal Pradesh Landslide: जून से सितंबर...हिल गया हिमाचल | Flood | Weather Update | NDTV India - NDTV.in,https://news.google.com/rss/articles/CBMivwFBVV95cUxQZWphbGlvaHpzdkVBODFwSlN1bm5ENnB6WGlfUzAySnJGeWNiTmg1eFdSMGl6ajllQW9FVE03M19BRE1SbXhfYmNkR3FXWFNjclozMkNjYWs2bXRZdGtaN2dudC1GdGlRUkdzd2xScUJDZWNoUUZBN2xoZ0xPaWZSSmprVDZDbTZVU1NzakNTMlpsVHAxTzBxNVNXdFBJVUVyMGJZcGlRQWRQb2p0d2RTVjFFT0hSMXZFd1ZuSllxbw?oc=5,2025-09-07 07:11:11,NDTV.in,"<a href=""https://news.google.com/rss/articles/CBMivwFBVV95cUxQZWphbGlvaHpzdkVBODFwSlN1bm5ENnB6WGlfUzAySnJGeWNiTmg1eFdSMGl6ajllQW9FVE03M19BRE1SbXhfYmNkR3FXWFNjclozMkNjYWs2bXRZdGtaN2dudC1GdGlRUkdzd2xScUJDZWNoUUZBN2xoZ0xPaWZSSmprVDZDbTZVU1NzakNTMlpsVHAxTzBxNVNXdFBJVUVyMGJZcGlRQWRQb2p0d2RTVjFFT0hSMXZFd1ZuSllxbw?oc=5"" target=""_blank"">Video | Himachal Pradesh Landslide: जून से सितंबर...हिल गया हिमाचल | Flood | Weather Update | NDTV India</a>&nbsp;&nbsp;<font color=""#6f6f6f"">NDTV.in</font>",Disaster,hi
विशुनपुर देवार- नुरूल्लाहपुर तटबंध से टकराया बाढ़ का पानी - Hindustan,https://news.google.com/rss/articles/CBMi1gFBVV95cUxPcWV6TG5uZUxSNGZsMUkzTlBMOE5HNi1jenp4eG14LWw5NG4tSE95UEtEekF3WmE4b2dyNExTLXJ6T1NmMWxVRW1XWC15OHJsc3dZZWJHZ0NIT3FDc2RXYmY0eVU3a2xkSjBVaVNBc2E5R3ZweUZoTzFMNDlZdmx0ek5TcDZFcHYyaVFkVE5NLUVGYVMyY2I2MXJTbmw5V2NDSC1ONm1mUmZpckx0QXIwb2N1VFJzVHhvcnpZeGZIc3I5T05hRTBCTTUxaFBDVG9MTmQ2RHZB0gHWAUFVX3lxTE9xZXpMbm5lTFI0ZmwxSTNOUEw4Tkc2LWN6enh4bXgtbDk0bi1IT3lQS0R6QXdaYThvZ3I0TFMtcnpPU2YxbFVFbVdYLXk4cmxzd1llYkdnQ0hPcUNzZFdiZjR5VTdrbGRKMFVpU0FzYTlHdnB5RmhPMUw0OVl2bHR6TlNwNkVwdjJpUWRUTk0tRUZhUzJjYjYxclNubDlXY0NILU42bWZSZmlyTHRBcjBvY3VUUnNUeG9yell4ZkhzcjlPTmFFMEJNNTFoUENUb0xOZDZEdkE?oc=5,2025-09-07 09:41:24,Hindustan,"<a href=""https://news.google.com/rss/articles/CBMi1gFBVV95cUxPcWV6TG5uZUxSNGZsMUkzTlBMOE5HNi1jenp4eG14LWw5NG4tSE95UEtEekF3WmE4b2dyNExTLXJ6T1NmMWxVRW1XWC15OHJsc3dZZWJHZ0NIT3FDc2RXYmY0eVU3a2xkSjBVaVNBc2E5R3ZweUZoTzFMNDlZdmx0ek5TcDZFcHYyaVFkVE5NLUVGYVMyY2I2MXJTbmw5V2NDSC1ONm1mUmZpckx0QXIwb2N1VFJzVHhvcnpZeGZIc3I5T05hRTBCTTUxaFBDVG9MTmQ2RHZB0gHWAUFVX3lxTE9xZXpMbm5lTFI0ZmwxSTNOUEw4Tkc2LWN6enh4bXgtbDk0bi1IT3lQS0R6QXdaYThvZ3I0TFMtcnpPU2YxbFVFbVdYLXk4cmxzd1llYkdnQ0hPcUNzZFdiZjR5VTdrbGRKMFVpU0FzYTlHdnB5RmhPMUw0OVl2bHR6TlNwNkVwdjJpUWRUTk0tRUZhUzJjYjYxclNubDlXY0NILU42bWZSZmlyTHRBcjBvY3VUUnNUeG9yell4ZkhzcjlPTmFFMEJNNTFoUENUb0xOZDZEdkE?oc=5"" target=""_blank"">विशुनपुर देवार- नुरूल्लाहपुर तटबंध से टकराया बाढ़ का पानी</a>&nbsp;&nbsp;<font color=""#6f6f6f"">Hindustan</font>",Disaster,hi
"Aaj ka Mausam 07 September 2025 LIVE: धीमी पड़ी मानसून एक्सप्रेस की रफ्तार, थमने लगा बारिश का दौर, अब उमस और गर्मी करेगी परेशान - Times Now Navbharat",https://news.google.com/rss/articles/CBMi9AJBVV95cUxQUzJfVVl1SFZGemJtQUJlUmZSU3NRS2FaMXpmUmZLLXZvaUlXYWxYM0I4SmphQWdYdkthQXZnN3BLQ0ZsU1Rnc2xlXzhuRGVwUUpibFRPVWUwZ0haZUlRTHdDbHBqNkN0V1V0VmQ1ZHlBRXdxd2tBYTBjYzlYbnpyMnBlaDZJZ0lxd0gxUmtSWW1RVUZTaGdZMFpEN25ldU5hZU93aWtqZTlpSVRLUXJCTklodGV3NkliOFA4NmJxcjB5Mk9WTXgxNTRPSlVURldzN0IxaHc1eUN3SnY2NEtRY21nQzl2WXdjMHlLZzlNNXhGQkR3QTVGYmNsbGpfei00TmdXbWdvanJESFpTZC0yMDZ1b1hhRUxUYUEtUzBqZ3plYjNYWjJBSFJtT296S2FJNnFJaUNwUFdjYlZDZE1fOVpnTkFrRC04eDVCVXJlWjMwYmxnbUxrNVl3MXNkRmw1aU8xOWh2QkRzdEdGQ3R1QWE2NV_SAfoCQVVfeXFMTUlkOHU0YTFVMm1aMXFHTUhvNTdfTE1oTjgxOFRJMklvTXpHZGNncU9UaERtWDJOeDl5anRBaS1vV0xxRUI3M0YxaUVTMmV0QWFOdDM2c0JWbDBSdW4tRU52bEpDT1hmZ0Z2Z3dvWjdrWkVLNl9WZmppaFpHNGlZeThKc1VFbzNtTm1KZkJnUTYwb2cwS2hrZ1FCSlI2d1AzN2hTZVRsSTY0Y3lmRnV1ZmFZLVB1a1RJNmthX2d5XzBsQ2VRcDFLY2txNUdVWDFYTWVKOFZHVGFmU0VNcDR6RzNBbzd3LVdnSnJrX0Nzcm10TWxEWjRBNmJNZ1U1dkFrdEVmeGdVQkJXLU9CMl9NZ2gxUmttNEJ5VTREeHNrSUxPcVFwVFBHTFY5WHQ0ZkV1YjdGTUI0emEwMTJXd3J2bm9CZmwzVW4yanlKbm5vbElRU1dXbWc2TzdEbW4wMXNyZTJwaTFzcXF6ZkpQMUgtZXpMczZlUm9RT3Zn?oc=5,2025-09-07 07:22:10,Times Now Navbharat,"<a href=""https://news.google.com/rss/articles/CBMi9AJBVV95cUxQUzJfVVl1SFZGemJtQUJlUmZSU3NRS2FaMXpmUmZLLXZvaUlXYWxYM0I4SmphQWdYdkthQXZnN3BLQ0ZsU1Rnc2xlXzhuRGVwUUpibFRPVWUwZ0haZUlRTHdDbHBqNkN0V1V0VmQ1ZHlBRXdxd2tBYTBjYzlYbnpyMnBlaDZJZ0lxd0gxUmtSWW1RVUZTaGdZMFpEN25ldU5hZU93aWtqZTlpSVRLUXJCTklodGV3NkliOFA4NmJxcjB5Mk9WTXgxNTRPSlVURldzN0IxaHc1eUN3SnY2NEtRY21nQzl2WXdjMHlLZzlNNXhGQkR3QTVGYmNsbGpfei00TmdXbWdvanJESFpTZC0yMDZ1b1hhRUxUYUEtUzBqZ3plYjNYWjJBSFJtT296S2FJNnFJaUNwUFdjYlZDZE1fOVpnTkFrRC04eDVCVXJlWjMwYmxnbUxrNVl3MXNkRmw1aU8xOWh2QkRzdEdGQ3R1QWE2NV_SAfoCQVVfeXFMTUlkOHU0YTFVMm1aMXFHTUhvNTdfTE1oTjgxOFRJMklvTXpHZGNncU9UaERtWDJOeDl5anRBaS1vV0xxRUI3M0YxaUVTMmV0QWFOdDM2c0JWbDBSdW4tRU52bEpDT1hmZ0Z2Z3dvWjdrWkVLNl9WZmppaFpHNGlZeThKc1VFbzNtTm1KZkJnUTYwb2cwS2hrZ1FCSlI2d1AzN2hTZVRsSTY0Y3lmRnV1ZmFZLVB1a1RJNmthX2d5XzBsQ2VRcDFLY2txNUdVWDFYTWVKOFZHVGFmU0VNcDR6RzNBbzd3LVdnSnJrX0Nzcm10TWxEWjRBNmJNZ1U1dkFrdEVmeGdVQkJXLU9CMl9NZ2gxUmttNEJ5VTREeHNrSUxPcVFwVFBHTFY5WHQ0ZkV1YjdGTUI0emEwMTJXd3J2bm9CZmwzVW4yanlKbm5vbElRU1dXbWc2TzdEbW4wMXNyZTJwaTFzcXF6ZkpQMUgtZXpMczZlUm9RT3Zn?oc=5"" target=""_blank"">Aaj ka Mausam 07 September 2025 LIVE: धीमी पड़ी मानसून एक्सप्रेस की रफ्तार, थमने लगा बारिश का दौर, अब उमस और गर्मी करेगी परेशान</a>&nbsp;&nbsp;<font color=""#6f6f6f"">Times Now Navbharat</font>",Disaster,hi
"सावधान! भारी बारिश के बीच आंधी-तूफान का खतरा, इन इलाकों को लेकर मौसम विभाग का अलर्ट - Hindustan",https://news.google.com/rss/articles/CBMi4gFBVV95cUxNeUdmRE1TZlN0cE1SWWV0emZFNHZfTDF1TkQtdW1naWhJUkZQZFBhWkM4MWlhZmc2SU4zajN1UnB2RkhrZjJ3bEdhNldKVVltWlRZZDB3bmRLTENteGhacTZaeUgwek1zU2RtQWlrZmN0OWNHcXljMTh2YnlUcndoVWZJMGJLS3gyZHcwZ0IzdzVWQ3lOYzQ2UDJRVTBkY1JXNjJwbm9seGV4WGV2eTJIMU15SVMyZDFZWUlfX2s0c3R1RkRvSGp1Qjl6S0NIZU1ETWhjaDVQdkRTLWJoSUlabW530gHiAUFVX3lxTE15R2ZETVNmU3RwTVJZZXR6ZkU0dl9MMXVORC11bWdpaElSRlBkUGFaQzgxaWFmZzZJTjNqM3VScHZGSGtmMndsR2E2V0pVWW1aVFlkMHduZEtMQ214aFpxNlp5SDB6TXNTZG1BaWtmY3Q5Y0dxeWMxOHZieVRyd2hVZkkwYktLeDJkdzBnQjN3NVZDeU5jNDZQMlFVMGRjUlc2MnBub2x4ZXhYZXZ5MkgxTXlJUzJkMVlZSV9fazRzdHVGRG9IanVCOXpLQ0hlTURNaGNoNVB2RFMtYmhJSVptbnc?oc=5,2025-09-07 08:46:50,Hindustan,"<a href=""https://news.google.com/rss/articles/CBMi4gFBVV95cUxNeUdmRE1TZlN0cE1SWWV0emZFNHZfTDF1TkQtdW1naWhJUkZQZFBhWkM4MWlhZmc2SU4zajN1UnB2RkhrZjJ3bEdhNldKVVltWlRZZDB3bmRLTENteGhacTZaeUgwek1zU2RtQWlrZmN0OWNHcXljMTh2YnlUcndoVWZJMGJLS3gyZHcwZ0IzdzVWQ3lOYzQ2UDJRVTBkY1JXNjJwbm9seGV4WGV2eTJIMU15SVMyZDFZWUlfX2s0c3R1RkRvSGp1Qjl6S0NIZU1ETWhjaDVQdkRTLWJoSUlabW530gHiAUFVX3lxTE15R2ZETVNmU3RwTVJZZXR6ZkU0dl9MMXVORC11bWdpaElSRlBkUGFaQzgxaWFmZzZJTjNqM3VScHZGSGtmMndsR2E2V0pVWW1aVFlkMHduZEtMQ214aFpxNlp5SDB6TXNTZG1BaWtmY3Q5Y0dxeWMxOHZieVRyd2hVZkkwYktLeDJkdzBnQjN3NVZDeU5jNDZQMlFVMGRjUlc2MnBub2x4ZXhYZXZ5MkgxTXlJUzJkMVlZSV9fazRzdHVGRG9IanVCOXpLQ0hlTURNaGNoNVB2RFMtYmhJSVptbnc?oc=5"" target=""_blank"">सावधान! भारी बारिश के बीच आंधी-तूफान का खतरा, इन इलाकों को लेकर मौसम विभाग का अलर्ट</a>&nbsp;&nbsp;<font color=""#6f6f6f"">Hindustan</font>",Disaster,hi
"LIVE: दिल्ली ही नहीं मथुरा-आगरा में भी यमुना ने मचाया हाहाकार! घर, दुकानें बाजार सब डूब गए - NDTV.in",https://news.google.com/rss/articles/CBMi5gFBVV95cUxOaF93eElQLVRKcmRMRjd6NnpmbFdBRG5oc1pIUWRXVkVCMy01OUc3UFRkVV9QcGtrRVBZS0lwXzZhb3NsY1pOOUlmeDJ5cnotSjlySS00TmYteERZY2pDWEhoVk1ha2JFcjVuUXBJYkYyMlktd2k1Mk1VLTQ1MUl5Z0VNN090QnF5MDRNLURyU2lCd2pQRG5qMElkckZxRm1mcDcwZV9rd0VqMkpXTktYdDZqN0dsX29WM1BTQ0I5TG05ZFBNZWpNUWlfanZnRzJBM2J1T2RQS25rNnJ5Tl9HRTk0Mjdodw?oc=5,2025-09-06 15:19:48,NDTV.in,"<a href=""https://news.google.com/rss/articles/CBMi5gFBVV95cUxOaF93eElQLVRKcmRMRjd6NnpmbFdBRG5oc1pIUWRXVkVCMy01OUc3UFRkVV9QcGtrRVBZS0lwXzZhb3NsY1pOOUlmeDJ5cnotSjlySS00TmYteERZY2pDWEhoVk1ha2JFcjVuUXBJYkYyMlktd2k1Mk1VLTQ1MUl5Z0VNN090QnF5MDRNLURyU2lCd2pQRG5qMElkckZxRm1mcDcwZV9rd0VqMkpXTktYdDZqN0dsX29WM1BTQ0I5TG05ZFBNZWpNUWlfanZnRzJBM2J1T2RQS25rNnJ5Tl9HRTk0Mjdodw?oc=5"" target=""_blank"">LIVE: दिल्ली ही नहीं मथुरा-आगरा में भी यमुना ने मचाया हाहाकार! घर, दुकानें बाजार सब डूब गए</a>&nbsp;&nbsp;<font color=""#6f6f6f"">NDTV.in</font>",Disaster,hi
"Flood: यूपी में फिर बाढ़ का संकट, गंगा-यमुना का रौद्र रूप, ग्रामीणों का पलायन शुरू, आज और आ सकता पानी - UP Villages in Flood Crisis Like Punjab Ganga Yamuna Water Levels Rise More Water May Come 7th Spetember - Jagran",https://news.google.com/rss/articles/CBMi1wJBVV95cUxPdG4xWFZZUTk5TUFBa245SFBNMi1xNlhTMElsZ3hGUGM0eGxSZG5yMTIzM3UxTmwyR1pLVXdzYUQyZkdyRzNvUWtoZHVINWRzc1hRNVJzdzFCbEREQTYtSFRta1FvYTA1QktyNHRlbTBFSnZkUjhzUU1uUXVZQnkxb29tVVpHXzFLRWdYelFvQUFScnk1dXZHNHYwSTMtTk5BaTJsVUdhRDJUQ21iOTRpUUtVQWJTeWoxXzZLR05lcW9JeGxsdm03UjIzRzNNSzNXRTB0cUdNMlNvV1A5Rlp1Y2w0ZFdmckUwWEtEMkFBc0pNOEJWcXdyYy0yN0JCNm9ndnh4MVNxdFI2ai1XSW9NVmFacVdmdzBzbGpYRU5sb0g4NnBtV1J2dnVHTTA5THBKbUowWmFWNjc1SHhqVUtZWDdBbXRTVGZOWEJFX2ZKeDdSU05INjBF?oc=5,2025-09-06 21:27:00,Jagran,"<a href=""https://news.google.com/rss/articles/CBMi1wJBVV95cUxPdG4xWFZZUTk5TUFBa245SFBNMi1xNlhTMElsZ3hGUGM0eGxSZG5yMTIzM3UxTmwyR1pLVXdzYUQyZkdyRzNvUWtoZHVINWRzc1hRNVJzdzFCbEREQTYtSFRta1FvYTA1QktyNHRlbTBFSnZkUjhzUU1uUXVZQnkxb29tVVpHXzFLRWdYelFvQUFScnk1dXZHNHYwSTMtTk5BaTJsVUdhRDJUQ21iOTRpUUtVQWJTeWoxXzZLR05lcW9JeGxsdm03UjIzRzNNSzNXRTB0cUdNMlNvV1A5Rlp1Y2w0ZFdmckUwWEtEMkFBc0pNOEJWcXdyYy0yN0JCNm9ndnh4MVNxdFI2ai1XSW9NVmFacVdmdzBzbGpYRU5sb0g4NnBtV1J2dnVHTTA5THBKbUowWmFWNjc1SHhqVUtZWDdBbXRTVGZOWEJFX2ZKeDdSU05INjBF?oc=5"" target=""_blank"">Flood: यूपी में फिर बाढ़ का संकट, गंगा-यमुना का रौद्र रूप, ग्रामीणों का पलायन शुरू, आज और आ सकता पानी - UP Villages in Flood Crisis Like Punjab Ganga Yamuna Water Levels Rise More Water May Come 7th Spetember</a>&nbsp;&nbsp;<font color=""#6f6f6f"">Jagran</font>",Disaster,hi
"बाढ़ के पानी से खेत-खलिहान जलमग्न, स्कूली बच्चे परेशान - Hindustan",https://news.google.com/rss/articles/CBMi6wFBVV95cUxOLUs5aFRwZExON2t6Q1JWaERsMTV6VkR0R0tzLUtraUVIZ1lkeXNORnd5Vm5iM2pwV3lwVWJFd1RVLVFYOVpZNVdRSjRMaTZyZzdRU2ZGOFNteElXMkpWT3k1SlhZRFI2aUFvdEtfVHduOVlMRkpDamQzVkZkdXM2LWZtVk5aNmFJVXA5VlBQa0dGd0tYTUVWODRFWjhNM0xzTTNrYUgzTzVtN0tpdXJ6WkZvQ1dlbE42RmlySXJYY1dKaFJuV1VVZDk1SDVzYnlrblFCb0dJU3VBcXVud1Y1R1ZubXR5X3ZZNDBB0gHrAUFVX3lxTE4tSzloVHBkTE43a3pDUlZoRGwxNXpWRHRHS3MtS2tpRUhnWWR5c05Gd3lWbmIzanBXeXBVYkV3VFUtUVg5Wlk1V1FKNExpNnJnN1FTZkY4U214SVcySlZPeTVKWFlEUjZpQW90S19Ud245WUxGSkNqZDNWRmR1czYtZm1WTlo2YUlVcDlWUFBrR0Z3S1hNRVY4NEVaOE0zTHNNM2thSDNPNW03S2l1cnpaRm9DV2VsTjZGaXJJclhjV0poUm5XVVVkOTVINXNieWtuUUJvR0lTdUFxdW53VjVHVm5tdHlfdlk0MEE?oc=5,2025-09-07 04:33:29,Hindustan,"<a href=""https://news.google.com/rss/articles/CBMi6wFBVV95cUxOLUs5aFRwZExON2t6Q1JWaERsMTV6VkR0R0tzLUtraUVIZ1lkeXNORnd5Vm5iM2pwV3lwVWJFd1RVLVFYOVpZNVdRSjRMaTZyZzdRU2ZGOFNteElXMkpWT3k1SlhZRFI2aUFvdEtfVHduOVlMRkpDamQzVkZkdXM2LWZtVk5aNmFJVXA5VlBQa0dGd0tYTUVWODRFWjhNM0xzTTNrYUgzTzVtN0tpdXJ6WkZvQ1dlbE42RmlySXJYY1dKaFJuV1VVZDk1SDVzYnlrblFCb0dJU3VBcXVud1Y1R1ZubXR5X3ZZNDBB0gHrAUFVX3lxTE4tSzloVHBkTE43a3pDUlZoRGwxNXpWRHRHS3MtS2tpRUhnWWR5c05Gd3lWbmIzanBXeXBVYkV3VFUtUVg5Wlk1V1FKNExpNnJnN1FTZkY4U214SVcySlZPeTVKWFlEUjZpQW90S19Ud245WUxGSkNqZDNWRmR1czYtZm1WTlo2YUlVcDlWUFBrR0Z3S1hNRVY4NEVaOE0zTHNNM2thSDNPNW03S2l1cnpaRm9DV2VsTjZGaXJJclhjV0poUm5XVVVkOTVINXNieWtuUUJvR0lTdUFxdW53VjVHVm5tdHlfdlk0MEE?oc=5"" target=""_blank"">बाढ़ के पानी से खेत-खलिहान जलमग्न, स्कूली बच्चे परेशान</a>&nbsp;&nbsp;<font color=""#6f6f6f"">Hindustan</font>",Disaster,hi
पीईटी परीक्षा छूटते ही धड़ाम ट्रैफिक व्यवस्था - Hindustan,https://news.google.com/rss/articles/CBMi3gFBVV95cUxQN3R6ZjVDTHoyNkNEMHdqVDRfWi1OaC1Ca0lyYV91YllTQmdkQkcyNkpoUThsQVJkOVc2ZEkySUhIWXFpeTFGQVFsMHBYY3RmXzF4ZHBDWTdqZlZiaDlMcTY1UUotaDBMbWFPWTMwSVgxS3k0YVhyVl8zSDNtUUppNUxpMWdhOVZuVWhUdWo4WmtJd2FOSGFZYmQ1cUFuTVR2Yzh0Q3htc3VpUXFYcVFmVE5IQzZyQWY0bW5YcTNIbHJydjBFSkx0cC1TSXA0c1RXX08xdHktSVhGUWhWVVHSAd4BQVVfeXFMUDd0emY1Q0x6MjZDRDB3alQ0X1otTmgtQmtJcmFfdWJZU0JnZEJHMjZKaFE4bEFSZDlXNmRJMklISFlxaXkxRkFRbDBwWGN0Zl8xeGRwQ1k3amZWYmg5THE2NVFKLWgwTG1hT1kzMElYMUt5NGFYclZfM0gzbVFKaTVMaTFnYTlWblVoVHVqOFprSXdhTkhhWWJkNXFBbk1UdmM4dEN4bXN1aVFxWHFRZlROSEM2ckFmNG1uWHEzSGxycnYwRUpMdHAtU0lwNHNUV19PMXR5LUlYRlFoVlVR?oc=5,2025-09-07 04:49:23,Hindustan,"<a href=""https://news.google.com/rss/articles/CBMi3gFBVV95cUxQN3R6ZjVDTHoyNkNEMHdqVDRfWi1OaC1Ca0lyYV91YllTQmdkQkcyNkpoUThsQVJkOVc2ZEkySUhIWXFpeTFGQVFsMHBYY3RmXzF4ZHBDWTdqZlZiaDlMcTY1UUotaDBMbWFPWTMwSVgxS3k0YVhyVl8zSDNtUUppNUxpMWdhOVZuVWhUdWo4WmtJd2FOSGFZYmQ1cUFuTVR2Yzh0Q3htc3VpUXFYcVFmVE5IQzZyQWY0bW5YcTNIbHJydjBFSkx0cC1TSXA0c1RXX08xdHktSVhGUWhWVVHSAd4BQVVfeXFMUDd0emY1Q0x6MjZDRDB3alQ0X1otTmgtQmtJcmFfdWJZU0JnZEJHMjZKaFE4bEFSZDlXNmRJMklISFlxaXkxRkFRbDBwWGN0Zl8xeGRwQ1k3amZWYmg5THE2NVFKLWgwTG1hT1kzMElYMUt5NGFYclZfM0gzbVFKaTVMaTFnYTlWblVoVHVqOFprSXdhTkhhWWJkNXFBbk1UdmM4dEN4bXN1aVFxWHFRZlROSEM2ckFmNG1uWHEzSGxycnYwRUpMdHAtU0lwNHNUV19PMXR5LUlYRlFoVlVR?oc=5"" target=""_blank"">पीईटी परीक्षा छूटते ही धड़ाम ट्रैफिक व्यवस्था</a>&nbsp;&nbsp;<font color=""#6f6f6f"">Hindustan</font>",Disaster,hi
बाढ़ से प्रभावित हो रही फसलों का एसडीएम ने किया सर्वे - Hindustan,https://news.google.com/rss/articles/CBMi-AFBVV95cUxOd2VCQWRpVEFNVjRKWDd0RlRJbV9kSUdSTmFlUjNfVDlNUWg1dFJhUU5JeS1USEZERUI4SmtpVnktVFcycmRhbXlPdW5jelllQVVaZjBYR19zRWZWUVI3OXl4X21GSzd4ZW1wTzI3Mm5JQlZHQ0ZVZ3pfcGV0a282VGpBdTNoZV9UUThmRTJXRXFDNFNCVV84aGpCbXU5NTZlMkRaS2FxTnFaQU5kTlY4RHVfT0RXcFVZUk4xT2lJblMtb3otRF9FUl82dFRxRWNiM0tfY1ZhNTFKc1pfQ2ZyRHJoTkdvWXhEajM3RFJOTFUtOU1EN05VeNIB-AFBVV95cUxOd2VCQWRpVEFNVjRKWDd0RlRJbV9kSUdSTmFlUjNfVDlNUWg1dFJhUU5JeS1USEZERUI4SmtpVnktVFcycmRhbXlPdW5jelllQVVaZjBYR19zRWZWUVI3OXl4X21GSzd4ZW1wTzI3Mm5JQlZHQ0ZVZ3pfcGV0a282VGpBdTNoZV9UUThmRTJXRXFDNFNCVV84aGpCbXU5NTZlMkRaS2FxTnFaQU5kTlY4RHVfT0RXcFVZUk4xT2lJblMtb3otRF9FUl82dFRxRWNiM0tfY1ZhNTFKc1pfQ2ZyRHJoTkdvWXhEajM3RFJOTFUtOU1EN05VeA?oc=5,2025-09-07 04:12:24,Hindustan,"<a href=""https://news.google.com/rss/articles/CBMi-AFBVV95cUxOd2VCQWRpVEFNVjRKWDd0RlRJbV9kSUdSTmFlUjNfVDlNUWg1dFJhUU5JeS1USEZERUI4SmtpVnktVFcycmRhbXlPdW5jelllQVVaZjBYR19zRWZWUVI3OXl4X21GSzd4ZW1wTzI3Mm5JQlZHQ0ZVZ3pfcGV0a282VGpBdTNoZV9UUThmRTJXRXFDNFNCVV84aGpCbXU5NTZlMkRaS2FxTnFaQU5kTlY4RHVfT0RXcFVZUk4xT2lJblMtb3otRF9FUl82dFRxRWNiM0tfY1ZhNTFKc1pfQ2ZyRHJoTkdvWXhEajM3RFJOTFUtOU1EN05VeNIB-AFBVV95cUxOd2VCQWRpVEFNVjRKWDd0RlRJbV9kSUdSTmFlUjNfVDlNUWg1dFJhUU5JeS1USEZERUI4SmtpVnktVFcycmRhbXlPdW5jelllQVVaZjBYR19zRWZWUVI3OXl4X21GSzd4ZW1wTzI3Mm5JQlZHQ0ZVZ3pfcGV0a282VGpBdTNoZV9UUThmRTJXRXFDNFNCVV84aGpCbXU5NTZlMkRaS2FxTnFaQU5kTlY4RHVfT0RXcFVZUk4xT2lJblMtb3otRF9FUl82dFRxRWNiM0tfY1ZhNTFKc1pfQ2ZyRHJoTkdvWXhEajM3RFJOTFUtOU1EN05VeA?oc=5"" target=""_blank"">बाढ़ से प्रभावित हो रही फसलों का एसडीएम ने किया सर्वे</a>&nbsp;&nbsp;<font color=""#6f6f6f"">Hindustan</font>",Disaster,hi
"बाढ़ के पानी में नहाते वक्त दो किशोर डूबे, बमुश्किल बचाया - Hindustan",https://news.google.com/rss/articles/CBMi3AFBVV95cUxNTXQ1eHp6UVoxX0dmUHY2VHdtZXlJMDdiVE9FTjBiSEx6eUV6Ri1tTUhTN3BldFczVGFyYVB4ZUpfaDdQLVZ6OEl5NmwzUWN2TWh4QlJmSEtXNGY2MWtDRjVpb1daWGhQOTN0SVBXQzVaVTdtLThPSmZxNFZNX1dqdTdEdTJGOGRZSGpOWUdoZ1FMTmNEMDFSWktaQmprRjFSOE1JcGxNTTBZY285MkNCbEdBaURjTmlxREVsWkZlaUd4eHJJNnZib3llSkNDSEhhZmhXc3oybHZFckRr0gHcAUFVX3lxTE1NdDV4enpRWjFfR2ZQdjZUd21leUkwN2JUT0VOMGJITHp5RXpGLW1NSFM3cGV0VzNUYXJhUHhlSl9oN1AtVno4SXk2bDNRY3ZNaHhCUmZIS1c0ZjYxa0NGNWlvV1pYaFA5M3RJUFdDNVpVN20tOE9KZnE0Vk1fV2p1N0R1MkY4ZFlIak5ZR2hnUUxOY0QwMVJaS1pCamtGMVI4TUlwbE1NMFljbzkyQ0JsR0FpRGNOaXFERWxaRmVpR3h4ckk2dmJveWVKQ0NISGFmaFdzejJsdkVyRGs?oc=5,2025-09-07 03:56:20,Hindustan,"<a href=""https://news.google.com/rss/articles/CBMi3AFBVV95cUxNTXQ1eHp6UVoxX0dmUHY2VHdtZXlJMDdiVE9FTjBiSEx6eUV6Ri1tTUhTN3BldFczVGFyYVB4ZUpfaDdQLVZ6OEl5NmwzUWN2TWh4QlJmSEtXNGY2MWtDRjVpb1daWGhQOTN0SVBXQzVaVTdtLThPSmZxNFZNX1dqdTdEdTJGOGRZSGpOWUdoZ1FMTmNEMDFSWktaQmprRjFSOE1JcGxNTTBZY285MkNCbEdBaURjTmlxREVsWkZlaUd4eHJJNnZib3llSkNDSEhhZmhXc3oybHZFckRr0gHcAUFVX3lxTE1NdDV4enpRWjFfR2ZQdjZUd21leUkwN2JUT0VOMGJITHp5RXpGLW1NSFM3cGV0VzNUYXJhUHhlSl9oN1AtVno4SXk2bDNRY3ZNaHhCUmZIS1c0ZjYxa0NGNWlvV1pYaFA5M3RJUFdDNVpVN20tOE9KZnE0Vk1fV2p1N0R1MkY4ZFlIak5ZR2hnUUxOY0QwMVJaS1pCamtGMVI4TUlwbE1NMFljbzkyQ0JsR0FpRGNOaXFERWxaRmVpR3h4ckk2dmJveWVKQ0NISGFmaFdzejJsdkVyRGs?oc=5"" target=""_blank"">बाढ़ के पानी में नहाते वक्त दो किशोर डूबे, बमुश्किल बचाया</a>&nbsp;&nbsp;<font color=""#6f6f6f"">Hindustan</font>",Disaster,hi
"रात भर में कटे आठ घर, अब तक शारदा 50 घर लील चुकी - Hindustan",https://news.google.com/rss/articles/CBMi8wFBVV95cUxNcXVnRlVDYm9zTWl6OUxxODZTZk9nS1V5dTBkZVlrekd5ODRmQmFYM0hIbkE1LWtJS1hhczY0LXJlb0Ffck80QW9OYnFTakpYT0xENllxRWdWZ0VlTm9hSlktT2tyb3BEeVZSdUZ6bWtDdU5udHJvdVREX2dyb2EyX1JsdHpxUUFEdGUteEV3NHJ5UlVYd2JXbVVwc3c4aHpwTFhSWlU1alRtVExrR0ZhUTVmbkNieVV2c054RVp4ay1wZkhJaTdXSmZqMjZ2QTktZ0lsMDY1NUx3OW9MM1A4N0lLMUxlb3plbEM3MjZ2WkxJYnPSAfMBQVVfeXFMTXF1Z0ZVQ2Jvc01pejlMcTg2U2ZPZ0tVeXUwZGVZa3pHeTg0ZkJhWDNISG5BNS1rSUtYYXM2NC1yZW9BX3JPNEFvTmJxU2pKWE9MRDZZcUVnVmdFZU5vYUpZLU9rcm9wRHlWUnVGem1rQ3VObnRyb3VURF9ncm9hMl9SbHR6cVFBRHRlLXhFdzRyeVJVWHdiV21VcHN3OGh6cExYUlpVNWpUbVRMa0dGYVE1Zm5DYnlVdnNOeEVaeGstcGZISWk3V0pmajI2dkE5LWdJbDA2NTVMdzlvTDNQODdJSzFMZW96ZWxDNzI2dlpMSWJz?oc=5,2025-09-07 04:13:26,Hindustan,"<a href=""https://news.google.com/rss/articles/CBMi8wFBVV95cUxNcXVnRlVDYm9zTWl6OUxxODZTZk9nS1V5dTBkZVlrekd5ODRmQmFYM0hIbkE1LWtJS1hhczY0LXJlb0Ffck80QW9OYnFTakpYT0xENllxRWdWZ0VlTm9hSlktT2tyb3BEeVZSdUZ6bWtDdU5udHJvdVREX2dyb2EyX1JsdHpxUUFEdGUteEV3NHJ5UlVYd2JXbVVwc3c4aHpwTFhSWlU1alRtVExrR0ZhUTVmbkNieVV2c054RVp4ay1wZkhJaTdXSmZqMjZ2QTktZ0lsMDY1NUx3OW9MM1A4N0lLMUxlb3plbEM3MjZ2WkxJYnPSAfMBQVVfeXFMTXF1Z0ZVQ2Jvc01pejlMcTg2U2ZPZ0tVeXUwZGVZa3pHeTg0ZkJhWDNISG5BNS1rSUtYYXM2NC1yZW9BX3JPNEFvTmJxU2pKWE9MRDZZcUVnVmdFZU5vYUpZLU9rcm9wRHlWUnVGem1rQ3VObnRyb3VURF9ncm9hMl9SbHR6cVFBRHRlLXhFdzRyeVJVWHdiV21VcHN3OGh6cExYUlpVNWpUbVRMa0dGYVE1Zm5DYnlVdnNOeEVaeGstcGZISWk3V0pmajI2dkE5LWdJbDA2NTVMdzlvTDNQODdJSzFMZW96ZWxDNzI2dlpMSWJz?oc=5"" target=""_blank"">रात भर में कटे आठ घर, अब तक शारदा 50 घर लील चुकी</a>&nbsp;&nbsp;<font color=""#6f6f6f"">Hindustan</font>",Disaster,hi
"पानी कम होने पर फैलने लगी बीमारियां, अस्पताल में जुट रही भीड़ - Hindustan",https://news.google.com/rss/articles/CBMi_gFBVV95cUxNUDdQamZES0xGanhEOS1aSEV0c3hYVlA1TXJxelBfLWxMR1JjQ01BTC1Lb1JnN3VDNzBJNmltY2o4VGZGYk9lUFNWWEE0YXZnWFBsdTZnQzFtR3Zvbm9md3RGSFRONTFCRmNMYkQxQnZwUjFyQWFxTjI5WHd3SXRaOWJXeG9vbzhQTFUzQzlXdXZMRHZBX1R0WGNaZGhvN2xTNU0zZmVoalIzeHRvSEZWMVNSanJoc2w1UDZsZVV4czNEU3VfX3FDUGtnUUxKTlBOUW1td0VIMDdZRGthSVNqSVRqZExSWXVkLWNnZU9sQ2Y1ZFJPcGdBSFVpLVRJZ9IB_gFBVV95cUxNUDdQamZES0xGanhEOS1aSEV0c3hYVlA1TXJxelBfLWxMR1JjQ01BTC1Lb1JnN3VDNzBJNmltY2o4VGZGYk9lUFNWWEE0YXZnWFBsdTZnQzFtR3Zvbm9md3RGSFRONTFCRmNMYkQxQnZwUjFyQWFxTjI5WHd3SXRaOWJXeG9vbzhQTFUzQzlXdXZMRHZBX1R0WGNaZGhvN2xTNU0zZmVoalIzeHRvSEZWMVNSanJoc2w1UDZsZVV4czNEU3VfX3FDUGtnUUxKTlBOUW1td0VIMDdZRGthSVNqSVRqZExSWXVkLWNnZU9sQ2Y1ZFJPcGdBSFVpLVRJZw?oc=5,2025-09-07 02:36:23,Hindustan,"<a href=""https://news.google.com/rss/articles/CBMi_gFBVV95cUxNUDdQamZES0xGanhEOS1aSEV0c3hYVlA1TXJxelBfLWxMR1JjQ01BTC1Lb1JnN3VDNzBJNmltY2o4VGZGYk9lUFNWWEE0YXZnWFBsdTZnQzFtR3Zvbm9md3RGSFRONTFCRmNMYkQxQnZwUjFyQWFxTjI5WHd3SXRaOWJXeG9vbzhQTFUzQzlXdXZMRHZBX1R0WGNaZGhvN2xTNU0zZmVoalIzeHRvSEZWMVNSanJoc2w1UDZsZVV4czNEU3VfX3FDUGtnUUxKTlBOUW1td0VIMDdZRGthSVNqSVRqZExSWXVkLWNnZU9sQ2Y1ZFJPcGdBSFVpLVRJZ9IB_gFBVV95cUxNUDdQamZES0xGanhEOS1aSEV0c3hYVlA1TXJxelBfLWxMR1JjQ01BTC1Lb1JnN3VDNzBJNmltY2o4VGZGYk9lUFNWWEE0YXZnWFBsdTZnQzFtR3Zvbm9md3RGSFRONTFCRmNMYkQxQnZwUjFyQWFxTjI5WHd3SXRaOWJXeG9vbzhQTFUzQzlXdXZMRHZBX1R0WGNaZGhvN2xTNU0zZmVoalIzeHRvSEZWMVNSanJoc2w1UDZsZVV4czNEU3VfX3FDUGtnUUxKTlBOUW1td0VIMDdZRGthSVNqSVRqZExSWXVkLWNnZU9sQ2Y1ZFJPcGdBSFVpLVRJZw?oc=5"" target=""_blank"">पानी कम होने पर फैलने लगी बीमारियां, अस्पताल में जुट रही भीड़</a>&nbsp;&nbsp;<font color=""#6f6f6f"">Hindustan</font>",Disaster,hi
डीएम ने पावर ग्रिड के डीजीएम को लिखा पत्र - Hindustan,https://news.google.com/rss/articles/CBMi6wFBVV95cUxOeFJWVk41YVZRaVJhN2lBVzJBdlNpRlRPbklKaUpTajhUNF9QQmRsTTg3aG85cU83WjZJWW92clM2VXQwMFhOZW1xdW0tNmRNRmU3dTg2ejFvMXpDNGxDWEVNZFJqY1p3a3JGTzdDSDhXd0tSLW5FbVVzXzg1cVZVc2tOZ0hGWlVuQmpEWWtodG5KdDlFVXQtTXI5NVJueXA0dWZVMkdleE9aNXcxblo1QUNkVGM1OWpEdVNsVmVjSlVfSHkzaEFnWVFCU3ZCR3FLVTNuUkU3LXVGaUlTWEtfa01ZckhRbnpLYUZz0gHrAUFVX3lxTE54UlZWTjVhVlFpUmE3aUFXMkF2U2lGVE9uSUppSlNqOFQ0X1BCZGxNODdobzlxTzdaNklZb3ZyUzZVdDAwWE5lbXF1bS02ZE1GZTd1ODZ6MW8xekM0bENYRU1kUmpjWndrckZPN0NIOFd3S1ItbkVtVXNfODVxVlVza05nSEZaVW5CakRZa2h0bkp0OUVVdC1Ncjk1Um55cDR1ZlUyR2V4T1o1dzFuWjVBQ2RUYzU5akR1U2xWZWNKVV9IeTNoQWdZUUJTdkJHcUtVM25SRTctdUZpSVNYS19rTVlySFFuekthRnM?oc=5,2025-09-07 02:33:21,Hindustan,"<a href=""https://news.google.com/rss/articles/CBMi6wFBVV95cUxOeFJWVk41YVZRaVJhN2lBVzJBdlNpRlRPbklKaUpTajhUNF9QQmRsTTg3aG85cU83WjZJWW92clM2VXQwMFhOZW1xdW0tNmRNRmU3dTg2ejFvMXpDNGxDWEVNZFJqY1p3a3JGTzdDSDhXd0tSLW5FbVVzXzg1cVZVc2tOZ0hGWlVuQmpEWWtodG5KdDlFVXQtTXI5NVJueXA0dWZVMkdleE9aNXcxblo1QUNkVGM1OWpEdVNsVmVjSlVfSHkzaEFnWVFCU3ZCR3FLVTNuUkU3LXVGaUlTWEtfa01ZckhRbnpLYUZz0gHrAUFVX3lxTE54UlZWTjVhVlFpUmE3aUFXMkF2U2lGVE9uSUppSlNqOFQ0X1BCZGxNODdobzlxTzdaNklZb3ZyUzZVdDAwWE5lbXF1bS02ZE1GZTd1ODZ6MW8xekM0bENYRU1kUmpjWndrckZPN0NIOFd3S1ItbkVtVXNfODVxVlVza05nSEZaVW5CakRZa2h0bkp0OUVVdC1Ncjk1Um55cDR1ZlUyR2V4T1o1dzFuWjVBQ2RUYzU5akR1U2xWZWNKVV9IeTNoQWdZUUJTdkJHcUtVM25SRTctdUZpSVNYS19rTVlySFFuekthRnM?oc=5"" target=""_blank"">डीएम ने पावर ग्रिड के डीजीएम को लिखा पत्र</a>&nbsp;&nbsp;<font color=""#6f6f6f"">Hindustan</font>",Disaster,hi
"ऑफिसर कॉलोनी जलमग्न, बढ़ी मोटर पंप की डिमांड - Hindustan",https://news.google.com/rss/articles/CBMi8wFBVV95cUxPQmctQ0VlbC10M0tKbkwycHpPREdZSUx0MHNTSmlsNllUYVR2S0NUUk5MR3g4NTRFajB0TTJPZkxZTWV2WnZmZ3Z1b1BybHJrR0lKYlE1WU9tMnhCNGJJcUdTMHdKYkhUR0stWkRCYzNuMU1ZcGIxYUMzc2lLSTZvX0RLMC1WZWNZLXhzYW5qbmVXSU4yN3p1dWt5bER2LUIzeno3aTdmaTZaZVYySjFndDdsWGhUNEVnQXNTbjJrTGhSTlRaV0pDdUFocUE3bjFvdE5MdGJtLVdJejBDbFE3NXp5bjlzei1FazNBTzkyczNscknSAfMBQVVfeXFMT0JnLUNFZWwtdDNLSm5MMnB6T0RHWUlMdDBzU0ppbDZZVGFUdktDVFJOTEd4ODU0RWowdE0yT2ZMWU1ldlp2Zmd2dW9Qcmxya0dJSmJRNVlPbTJ4QjRiSXFHUzB3SmJIVEdLLVpEQmMzbjFNWXBiMWFDM3NpS0k2b19ESzAtVmVjWS14c2Fuam5lV0lOMjd6dXVreWxEdi1CM3p6N2k3Zmk2WmVWMkoxZ3Q3bFhoVDRFZ0FzU24ya0xoUk5UWldKQ3VBaHFBN24xb3ROTHRibS1XSXowQ2xRNzV6eW45c3otRWszQU85MnMzbHJJ?oc=5,2025-09-07 02:29:20,Hindustan,"<a href=""https://news.google.com/rss/articles/CBMi8wFBVV95cUxPQmctQ0VlbC10M0tKbkwycHpPREdZSUx0MHNTSmlsNllUYVR2S0NUUk5MR3g4NTRFajB0TTJPZkxZTWV2WnZmZ3Z1b1BybHJrR0lKYlE1WU9tMnhCNGJJcUdTMHdKYkhUR0stWkRCYzNuMU1ZcGIxYUMzc2lLSTZvX0RLMC1WZWNZLXhzYW5qbmVXSU4yN3p1dWt5bER2LUIzeno3aTdmaTZaZVYySjFndDdsWGhUNEVnQXNTbjJrTGhSTlRaV0pDdUFocUE3bjFvdE5MdGJtLVdJejBDbFE3NXp5bjlzei1FazNBTzkyczNscknSAfMBQVVfeXFMT0JnLUNFZWwtdDNLSm5MMnB6T0RHWUlMdDBzU0ppbDZZVGFUdktDVFJOTEd4ODU0RWowdE0yT2ZMWU1ldlp2Zmd2dW9Qcmxya0dJSmJRNVlPbTJ4QjRiSXFHUzB3SmJIVEdLLVpEQmMzbjFNWXBiMWFDM3NpS0k2b19ESzAtVmVjWS14c2Fuam5lV0lOMjd6dXVreWxEdi1CM3p6N2k3Zmk2WmVWMkoxZ3Q3bFhoVDRFZ0FzU24ya0xoUk5UWldKQ3VBaHFBN24xb3ROTHRibS1XSXowQ2xRNzV6eW45c3otRWszQU85MnMzbHJJ?oc=5"" target=""_blank"">ऑफिसर कॉलोनी जलमग्न, बढ़ी मोटर पंप की डिमांड</a>&nbsp;&nbsp;<font color=""#6f6f6f"">Hindustan</font>",Disaster,hi
पंजाब बाढ पीडितों के लिए भेजी राहत सामग्री - Hindustan,https://news.google.com/rss/articles/CBMi7wFBVV95cUxPbjlITkpXVGI5VVhidERwOHVEQmZTNmxEcmJpVkwwcnRPdXdJUmdzdmpvUnIwcGMxWnJNRlVRajJjOHl5X2VJcGZLcm5wMkx0aWN4WmJlTVBvTGZ2SllDcEt0dnl3LXo3d2dpR204ekh2eUFFN2NlVzU2dHlLYzFrbE9VTC11VU0zVWZFWTdzT0xDZlNfU05QdDFRVVplRjRrWURlN05UeXJweDExREdQcm9OazRtMEI4Q2VsbzJiSk9RaGpWYkpaRlZPSmF6TkNLNWczOGp4aG9ycVVTSUhjX3V1QzMxdjU0bDhMOFd5NNIB7wFBVV95cUxPbjlITkpXVGI5VVhidERwOHVEQmZTNmxEcmJpVkwwcnRPdXdJUmdzdmpvUnIwcGMxWnJNRlVRajJjOHl5X2VJcGZLcm5wMkx0aWN4WmJlTVBvTGZ2SllDcEt0dnl3LXo3d2dpR204ekh2eUFFN2NlVzU2dHlLYzFrbE9VTC11VU0zVWZFWTdzT0xDZlNfU05QdDFRVVplRjRrWURlN05UeXJweDExREdQcm9OazRtMEI4Q2VsbzJiSk9RaGpWYkpaRlZPSmF6TkNLNWczOGp4aG9ycVVTSUhjX3V1QzMxdjU0bDhMOFd5NA?oc=5,2025-09-07 00:53:23,Hindustan,"<a href=""https://news.google.com/rss/articles/CBMi7wFBVV95cUxPbjlITkpXVGI5VVhidERwOHVEQmZTNmxEcmJpVkwwcnRPdXdJUmdzdmpvUnIwcGMxWnJNRlVRajJjOHl5X2VJcGZLcm5wMkx0aWN4WmJlTVBvTGZ2SllDcEt0dnl3LXo3d2dpR204ekh2eUFFN2NlVzU2dHlLYzFrbE9VTC11VU0zVWZFWTdzT0xDZlNfU05QdDFRVVplRjRrWURlN05UeXJweDExREdQcm9OazRtMEI4Q2VsbzJiSk9RaGpWYkpaRlZPSmF6TkNLNWczOGp4aG9ycVVTSUhjX3V1QzMxdjU0bDhMOFd5NNIB7wFBVV95cUxPbjlITkpXVGI5VVhidERwOHVEQmZTNmxEcmJpVkwwcnRPdXdJUmdzdmpvUnIwcGMxWnJNRlVRajJjOHl5X2VJcGZLcm5wMkx0aWN4WmJlTVBvTGZ2SllDcEt0dnl3LXo3d2dpR204ekh2eUFFN2NlVzU2dHlLYzFrbE9VTC11VU0zVWZFWTdzT0xDZlNfU05QdDFRVVplRjRrWURlN05UeXJweDExREdQcm9OazRtMEI4Q2VsbzJiSk9RaGpWYkpaRlZPSmF6TkNLNWczOGp4aG9ycVVTSUhjX3V1QzMxdjU0bDhMOFd5NA?oc=5"" target=""_blank"">पंजाब बाढ पीडितों के लिए भेजी राहत सामग्री</a>&nbsp;&nbsp;<font color=""#6f6f6f"">Hindustan</font>",Disaster,hi
"मेडिकल टीम को किया रवाना, जमीयत ने भी भेजी सामग्री - Hindustan",https://news.google.com/rss/articles/CBMi_AFBVV95cUxPU1RxcVlpMnJvRWFhTlRrZE1VN3lNM2dScS10d253VU0xQkM5T1kzcGFNMlpXUWFBcTRycVZsSmJ4Sm1kYkREVjhORUkxSUJSWDl1ZU4tVUNRMTlJMnZDS19UZmRxZlY0V2E5eEJkajBhRG5LWGdRdDVSWlNaNjJWTDUyQTNVODdHZ05YYkZhR0ctbTcwLUIwTXpXUVVMOFNwZWlnamRuZWVDR3JORlduU3I3dFp4NnYybWsyNENFRHd3UFVXd1VucVJ1c3RmOGtWbnlSZTA3NXB0SnJIM0RyUFpTYW1NYXVPRl82TlRrUEdMWHpsWktUX1hmY3PSAfwBQVVfeXFMT1NUcXFZaTJyb0VhYU5Ua2RNVTd5TTNnUnEtdHdud1VNMUJDOU9ZM3BhTTJaV1FhQXE0cnFWbEpieEptZGJERFY4TkVJMUlCUlg5dWVOLVVDUTE5STJ2Q0tfVGZkcWZWNFdhOXhCZGowYURuS1hnUXQ1UlpTWjYyVkw1MkEzVTg3R2dOWGJGYUdHLW03MC1CME16V1FVTDhTcGVpZ2pkbmVlQ0dyTkZXblNyN3RaeDZ2Mm1rMjRDRUR3d1BVV3dVbnFSdXN0ZjhrVm55UmUwNzVwdEpySDNEclBaU2FtTWF1T0ZfNk5Ua1BHTFh6bFpLVF9YZmNz?oc=5,2025-09-07 01:13:21,Hindustan,"<a href=""https://news.google.com/rss/articles/CBMi_AFBVV95cUxPU1RxcVlpMnJvRWFhTlRrZE1VN3lNM2dScS10d253VU0xQkM5T1kzcGFNMlpXUWFBcTRycVZsSmJ4Sm1kYkREVjhORUkxSUJSWDl1ZU4tVUNRMTlJMnZDS19UZmRxZlY0V2E5eEJkajBhRG5LWGdRdDVSWlNaNjJWTDUyQTNVODdHZ05YYkZhR0ctbTcwLUIwTXpXUVVMOFNwZWlnamRuZWVDR3JORlduU3I3dFp4NnYybWsyNENFRHd3UFVXd1VucVJ1c3RmOGtWbnlSZTA3NXB0SnJIM0RyUFpTYW1NYXVPRl82TlRrUEdMWHpsWktUX1hmY3PSAfwBQVVfeXFMT1NUcXFZaTJyb0VhYU5Ua2RNVTd5TTNnUnEtdHdud1VNMUJDOU9ZM3BhTTJaV1FhQXE0cnFWbEpieEptZGJERFY4TkVJMUlCUlg5dWVOLVVDUTE5STJ2Q0tfVGZkcWZWNFdhOXhCZGowYURuS1hnUXQ1UlpTWjYyVkw1MkEzVTg3R2dOWGJGYUdHLW03MC1CME16V1FVTDhTcGVpZ2pkbmVlQ0dyTkZXblNyN3RaeDZ2Mm1rMjRDRUR3d1BVV3dVbnFSdXN0ZjhrVm55UmUwNzVwdEpySDNEclBaU2FtTWF1T0ZfNk5Ua1BHTFh6bFpLVF9YZmNz?oc=5"" target=""_blank"">मेडिकल टीम को किया रवाना, जमीयत ने भी भेजी सामग्री</a>&nbsp;&nbsp;<font color=""#6f6f6f"">Hindustan</font>",Disaster,hi
पंजाब बाढ़ पीड़ितों की मदद के लिए भेजी राहत सामग्री - Hindustan,https://news.google.com/rss/articles/CBMi1gFBVV95cUxPc3E1cVpoMldHVW1jWkFZbUt3RmRSekdLVDJrNjBaQjl1OGctM29LOFFCZXZWcC1GbzVEUEthamdVVFg0aEhCUl9sRkVKNkt4bV9PM1VSNUtNb0d3MWhwMkEyM0d3UndMMEs5elkyZTdVbHl2OWhvSnZFc1VQanZ3bWpfRnFUX2hFV2Z4LWlrM25BV2JrY01lTW8xVHY4VDBDTHMxRHdxNVpLUkZKOEtMU0psdndCckZYQmp1Z3dPdXRmZHBUZFhFR1JFRTctcE1PTDFKNzBR0gHWAUFVX3lxTE9zcTVxWmgyV0dVbWNaQVltS3dGZFJ6R0tUMms2MFpCOXU4Zy0zb0s4UUJldlZwLUZvNURQS2FqZ1VUWDRoSEJSX2xGRUo2S3htX08zVVI1S01vR3cxaHAyQTIzR3dSd0wwSzl6WTJlN1VseXY5aG9KdkVzVVBqdndtal9GcVRfaEVXZngtaWszbkFXYmtjTWVNbzFUdjhUMENMczFEd3E1WktSRko4S0xTSmx2d0JyRlhCanVnd091dGZkcFRkWEVHUkVFNy1wTU9MMUo3MFE?oc=5,2025-09-06 22:58:24,Hindustan,"<a href=""https://news.google.com/rss/articles/CBMi1gFBVV95cUxPc3E1cVpoMldHVW1jWkFZbUt3RmRSekdLVDJrNjBaQjl1OGctM29LOFFCZXZWcC1GbzVEUEthamdVVFg0aEhCUl9sRkVKNkt4bV9PM1VSNUtNb0d3MWhwMkEyM0d3UndMMEs5elkyZTdVbHl2OWhvSnZFc1VQanZ3bWpfRnFUX2hFV2Z4LWlrM25BV2JrY01lTW8xVHY4VDBDTHMxRHdxNVpLUkZKOEtMU0psdndCckZYQmp1Z3dPdXRmZHBUZFhFR1JFRTctcE1PTDFKNzBR0gHWAUFVX3lxTE9zcTVxWmgyV0dVbWNaQVltS3dGZFJ6R0tUMms2MFpCOXU4Zy0zb0s4UUJldlZwLUZvNURQS2FqZ1VUWDRoSEJSX2xGRUo2S3htX08zVVI1S01vR3cxaHAyQTIzR3dSd0wwSzl6WTJlN1VseXY5aG9KdkVzVVBqdndtal9GcVRfaEVXZngtaWszbkFXYmtjTWVNbzFUdjhUMENMczFEd3E1WktSRko4S0xTSmx2d0JyRlhCanVnd091dGZkcFRkWEVHUkVFNy1wTU9MMUo3MFE?oc=5"" target=""_blank"">पंजाब बाढ़ पीड़ितों की मदद के लिए भेजी राहत सामग्री</a>&nbsp;&nbsp;<font color=""#6f6f6f"">Hindustan</font>",Disaster,hi
राजस्व कर्मियों ने बाढ़ प्रभावित क्षेत्र मांझा कला का किया दौरा - Hindustan,https://news.google.com/rss/articles/CBMi3wFBVV95cUxPd0MxSXZXVnJLTS1YU1IzQTdzaEhHTEZUUFlLNkRNeUJaaVE2ckNVa0lhelV5aE9RWTBUN3RzZVMxV3JHenZxcGc1VUtEaGhPOTN2Y0l2V3I4YmJ3dWVMcW81ZzJkMjBRRVdPY0wtSEJuNUNOYnhoOF8xWkMzd01saXcxeGU4SWR4ZlMxSW5ORGp5Q3Q1VVp5ZEM5VmFIblZBS2czS25FTU12amtobnR2ekd3YWdOcUFkT1ZHcUtRaGFKM196ZmpEME9Kek9zRk1xMDZ5cHJnNnY0cXl3LW1Z0gHfAUFVX3lxTE93QzFJdldWcktNLVhTUjNBN3NoSEdMRlRQWUs2RE15QlppUTZyQ1VrSWF6VXloT1FZMFQ3dHNlUzFXckd6dnFwZzVVS0RoaE85M3ZjSXZXcjhiYnd1ZUxxbzVnMmQyMFFFV09jTC1IQm41Q05ieGg4XzFaQzN3TWxpdzF4ZThJZHhmUzFJbk5EanlDdDVVWnlkQzlWYUhuVkFLZzNLbkVNTXZqa2hudHZ6R3dhZ05xQWRPVkdxS1FoYUozX3pmakQwT0p6T3NGTXEwNnlwcmc2djRxeXctbVk?oc=5,2025-09-06 23:14:17,Hindustan,"<a href=""https://news.google.com/rss/articles/CBMi3wFBVV95cUxPd0MxSXZXVnJLTS1YU1IzQTdzaEhHTEZUUFlLNkRNeUJaaVE2ckNVa0lhelV5aE9RWTBUN3RzZVMxV3JHenZxcGc1VUtEaGhPOTN2Y0l2V3I4YmJ3dWVMcW81ZzJkMjBRRVdPY0wtSEJuNUNOYnhoOF8xWkMzd01saXcxeGU4SWR4ZlMxSW5ORGp5Q3Q1VVp5ZEM5VmFIblZBS2czS25FTU12amtobnR2ekd3YWdOcUFkT1ZHcUtRaGFKM196ZmpEME9Kek9zRk1xMDZ5cHJnNnY0cXl3LW1Z0gHfAUFVX3lxTE93QzFJdldWcktNLVhTUjNBN3NoSEdMRlRQWUs2RE15QlppUTZyQ1VrSWF6VXloT1FZMFQ3dHNlUzFXckd6dnFwZzVVS0RoaE85M3ZjSXZXcjhiYnd1ZUxxbzVnMmQyMFFFV09jTC1IQm41Q05ieGg4XzFaQzN3TWxpdzF4ZThJZHhmUzFJbk5EanlDdDVVWnlkQzlWYUhuVkFLZzNLbkVNTXZqa2hudHZ6R3dhZ05xQWRPVkdxS1FoYUozX3pmakQwT0p6T3NGTXEwNnlwcmc2djRxeXctbVk?oc=5"" target=""_blank"">राजस्व कर्मियों ने बाढ़ प्रभावित क्षेत्र मांझा कला का किया दौरा</a>&nbsp;&nbsp;<font color=""#6f6f6f"">Hindustan</font>",Disaster,hi
जरूरी सामान लाने के लिए बैलगाड़ी का इस्तेमाल कर रहे ग्रामीण - Hindustan,https://news.google.com/rss/articles/CBMi3wFBVV95cUxNY0kxWWdmdXJFaUZxYnRDclZZX09TT08tc1ZYZTRISVltT2JBSFE4SzNyVFZGaF9haUVhdGo1T3hQanVUM01aVzdVTlhaTHZzNEhxMDR4REtfTGs1cHI3QjZzQ01qOVNVR0k4S1FJUmJkTzBRU2FnWnFjalg2Q0JaRWRlT3VIa3FlVU5RMGwxbEFtWl93eHpaUkpEUVNSNEZyWW1SS3B1Mzl6TTdyS1MySGZJcWs1VHA2MUJjcHAwTVZxc2hCNTRwS09MT2FXRnRuUTZXZXZ0RHN3UDVOcDdN0gHfAUFVX3lxTE1jSTFZZ2Z1ckVpRnFidENyVllfT1NPTy1zVlhlNEhJWW1PYkFIUThLM3JUVkZoX2FpRWF0ajVPeFBqdVQzTVpXN1VOWFpMdnM0SHEwNHhES19MazVwcjdCNnNDTWo5U1VHSThLUUlSYmRPMFFTYWdacWNqWDZDQlpFZGVPdUhrcWVVTlEwbDFsQW1aX3d4elpSSkRRU1I0RnJZbVJLcHUzOXpNN3JLUzJIZklxazVUcDYxQmNwcDBNVnFzaEI1NHBLT0xPYVdGdG5RNldldnREc3dQNU5wN00?oc=5,2025-09-06 22:50:21,Hindustan,"<a href=""https://news.google.com/rss/articles/CBMi3wFBVV95cUxNY0kxWWdmdXJFaUZxYnRDclZZX09TT08tc1ZYZTRISVltT2JBSFE4SzNyVFZGaF9haUVhdGo1T3hQanVUM01aVzdVTlhaTHZzNEhxMDR4REtfTGs1cHI3QjZzQ01qOVNVR0k4S1FJUmJkTzBRU2FnWnFjalg2Q0JaRWRlT3VIa3FlVU5RMGwxbEFtWl93eHpaUkpEUVNSNEZyWW1SS3B1Mzl6TTdyS1MySGZJcWs1VHA2MUJjcHAwTVZxc2hCNTRwS09MT2FXRnRuUTZXZXZ0RHN3UDVOcDdN0gHfAUFVX3lxTE1jSTFZZ2Z1ckVpRnFidENyVllfT1NPTy1zVlhlNEhJWW1PYkFIUThLM3JUVkZoX2FpRWF0ajVPeFBqdVQzTVpXN1VOWFpMdnM0SHEwNHhES19MazVwcjdCNnNDTWo5U1VHSThLUUlSYmRPMFFTYWdacWNqWDZDQlpFZGVPdUhrcWVVTlEwbDFsQW1aX3d4elpSSkRRU1I0RnJZbVJLcHUzOXpNN3JLUzJIZklxazVUcDYxQmNwcDBNVnFzaEI1NHBLT0xPYVdGdG5RNldldnREc3dQNU5wN00?oc=5"" target=""_blank"">जरूरी सामान लाने के लिए बैलगाड़ी का इस्तेमाल कर रहे ग्रामीण</a>&nbsp;&nbsp;<font color=""#6f6f6f"">Hindustan</font>",Disaster,hi
गंगा-यमुना फिर पार कर सकती है लाल निशान - Hindustan,https://news.google.com/rss/articles/CBMi4AFBVV95cUxNS2Y2alg5MHJHZERxd01zNVJVOUdXX1oyWlVYV3c5NElzLXdOdGZqV3ozNG8zZWpPZENBTEVMYVd2ZEdLeUN6RU5EOXlBYjZFeE80SF9GNnk5Q3JRQU1IeExQRzVodlhGNkVkQzdaa3o1UlV5YXkwMFl5Y2JDZHplalRodWdZODZ0dTlsSUdVYUxwS1pfQUpFVW5WOUFmd0hzdV8xaHFzNDdTSk91V1EyUXVhX2gtTWY4RXI2NlZnN1NKNDE4TDh2RHV1SHJtR3dzRms2d3NaT0kzTUZwbEg2RdIB4AFBVV95cUxNS2Y2alg5MHJHZERxd01zNVJVOUdXX1oyWlVYV3c5NElzLXdOdGZqV3ozNG8zZWpPZENBTEVMYVd2ZEdLeUN6RU5EOXlBYjZFeE80SF9GNnk5Q3JRQU1IeExQRzVodlhGNkVkQzdaa3o1UlV5YXkwMFl5Y2JDZHplalRodWdZODZ0dTlsSUdVYUxwS1pfQUpFVW5WOUFmd0hzdV8xaHFzNDdTSk91V1EyUXVhX2gtTWY4RXI2NlZnN1NKNDE4TDh2RHV1SHJtR3dzRms2d3NaT0kzTUZwbEg2RQ?oc=5,2025-09-06 21:35:30,Hindustan,"<a href=""https://news.google.com/rss/articles/CBMi4AFBVV95cUxNS2Y2alg5MHJHZERxd01zNVJVOUdXX1oyWlVYV3c5NElzLXdOdGZqV3ozNG8zZWpPZENBTEVMYVd2ZEdLeUN6RU5EOXlBYjZFeE80SF9GNnk5Q3JRQU1IeExQRzVodlhGNkVkQzdaa3o1UlV5YXkwMFl5Y2JDZHplalRodWdZODZ0dTlsSUdVYUxwS1pfQUpFVW5WOUFmd0hzdV8xaHFzNDdTSk91V1EyUXVhX2gtTWY4RXI2NlZnN1NKNDE4TDh2RHV1SHJtR3dzRms2d3NaT0kzTUZwbEg2RdIB4AFBVV95cUxNS2Y2alg5MHJHZERxd01zNVJVOUdXX1oyWlVYV3c5NElzLXdOdGZqV3ozNG8zZWpPZENBTEVMYVd2ZEdLeUN6RU5EOXlBYjZFeE80SF9GNnk5Q3JRQU1IeExQRzVodlhGNkVkQzdaa3o1UlV5YXkwMFl5Y2JDZHplalRodWdZODZ0dTlsSUdVYUxwS1pfQUpFVW5WOUFmd0hzdV8xaHFzNDdTSk91V1EyUXVhX2gtTWY4RXI2NlZnN1NKNDE4TDh2RHV1SHJtR3dzRms2d3NaT0kzTUZwbEg2RQ?oc=5"" target=""_blank"">गंगा-यमुना फिर पार कर सकती है लाल निशान</a>&nbsp;&nbsp;<font color=""#6f6f6f"">Hindustan</font>",Disaster,hi
"यूपी: शाहजहांपुर में बाढ़ ने बढ़ाई टेंशन, हजारों लोग घरों में फंसे - NDTV.in",https://news.google.com/rss/articles/CBMixwFBVV95cUxQeHNGbm9TNjFfWUU0Q2c2ZDRwWEd2cHRVLXpXWDBYOGlCb0dwTFVaaGp3S3VIWnlGT3NOR0FLd092c1lBZkhxSklQMXFTSXV5dUlyLXVrZlQyV1lFQUZqeEFhVnBoV1FSZ2FRMDh4b0lsYkZoMG5kb0tjVG9kcnNOT2JNbEtxYVlaRDlYaEpndUVrdGwwaEJ3cXlsWFJ3MjRCT3lrTTBSUUYwdEJhX2psemFJUm0xWlFXZGJnM3lGQU5DbXFHNUhn0gHPAUFVX3lxTE5zTVoySlExR3J5Y29iZWN5eWpKanAtTXJmU3NJXzZkM2g0eW1JU29ucnJyWXRqbFo5VXd3dXVZcFozSzNDeGdPZktYa0dCb0R6LUlNX1Y3NVlwUlpuTHJQYnZEWkFMYnJYQ1daeU15OFF0amVLOE1KTC1feDQzeTBWX1pZSTQ0RGZfeE5nZlJRNWJqMTdxZURnNTVSU1NfYnFIQk4yUlhoVWVMZ1d0eThvV0dlOTZkbmc4ODU3OWNQaXdMYmlZZnBZX0dUZGFPTQ?oc=5,2025-09-06 14:54:25,NDTV.in,"<a href=""https://news.google.com/rss/articles/CBMixwFBVV95cUxQeHNGbm9TNjFfWUU0Q2c2ZDRwWEd2cHRVLXpXWDBYOGlCb0dwTFVaaGp3S3VIWnlGT3NOR0FLd092c1lBZkhxSklQMXFTSXV5dUlyLXVrZlQyV1lFQUZqeEFhVnBoV1FSZ2FRMDh4b0lsYkZoMG5kb0tjVG9kcnNOT2JNbEtxYVlaRDlYaEpndUVrdGwwaEJ3cXlsWFJ3MjRCT3lrTTBSUUYwdEJhX2psemFJUm0xWlFXZGJnM3lGQU5DbXFHNUhn0gHPAUFVX3lxTE5zTVoySlExR3J5Y29iZWN5eWpKanAtTXJmU3NJXzZkM2g0eW1JU29ucnJyWXRqbFo5VXd3dXVZcFozSzNDeGdPZktYa0dCb0R6LUlNX1Y3NVlwUlpuTHJQYnZEWkFMYnJYQ1daeU15OFF0amVLOE1KTC1feDQzeTBWX1pZSTQ0RGZfeE5nZlJRNWJqMTdxZURnNTVSU1NfYnFIQk4yUlhoVWVMZ1d0eThvV0dlOTZkbmc4ODU3OWNQaXdMYmlZZnBZX0dUZGFPTQ?oc=5"" target=""_blank"">यूपी: शाहजहांपुर में बाढ़ ने बढ़ाई टेंशन, हजारों लोग घरों में फंसे</a>&nbsp;&nbsp;<font color=""#6f6f6f"">NDTV.in</font>",Disaster,hi
"Himachal Weather: भारी बारिश से बेहाल हिमाचल के लिए दो दिन और खतरा, तो क्या शिक्षण संस्थानों में फिर होगी छुट्टियां? - Jagran",https://news.google.com/rss/articles/CBMiywFBVV95cUxQZ0NvX2wxb1FmUEpENDZsOXBDRnRlNjNEdG8wUG1ZM2dTUGtJaDhHZWp2aTE4RGlEa0hDM2xwMjlhdjJ1OVZKZVpjTFppLUlCZzM2SXR5OGtlZzJHZmRFYllhOEV3QmpyWDdXaEh2Y2ZKV1l3c0dUMkNPOXd6S2tKNm1zdVNkVGJtbFFjaVhMTXFURnZDdm9LRlhhSFZTcmFod29yNXdTclZXWEV4X29zRDlpZDhZanFIYTFpRE5GaU1DNmh5RWpuX0RRbw?oc=5,2025-09-06 12:30:00,Jagran,"<a href=""https://news.google.com/rss/articles/CBMiywFBVV95cUxQZ0NvX2wxb1FmUEpENDZsOXBDRnRlNjNEdG8wUG1ZM2dTUGtJaDhHZWp2aTE4RGlEa0hDM2xwMjlhdjJ1OVZKZVpjTFppLUlCZzM2SXR5OGtlZzJHZmRFYllhOEV3QmpyWDdXaEh2Y2ZKV1l3c0dUMkNPOXd6S2tKNm1zdVNkVGJtbFFjaVhMTXFURnZDdm9LRlhhSFZTcmFod29yNXdTclZXWEV4X29zRDlpZDhZanFIYTFpRE5GaU1DNmh5RWpuX0RRbw?oc=5"" target=""_blank"">Himachal Weather: भारी बारिश से बेहाल हिमाचल के लिए दो दिन और खतरा, तो क्या शिक्षण संस्थानों में फिर होगी छुट्टियां?</a>&nbsp;&nbsp;<font color=""#6f6f6f"">Jagran</font>",Disaster,hi
"Weather Alert! आज इन राज्यों में होगी गरज के साथ भारी बारिश, जानें आपके शहर में कैसा रहेगा मौसम - Krishi Jagran Hindi",https://news.google.com/rss/articles/CBMixgFBVV95cUxNTjhlR29XVTlZZTJGb0tZUkphR2lVR09PTXVhc3ZIYWVnNWlhcmp5WEpyT244Vkd0N2VFQUVVZ0VJWWh5dFhYeDVnaXhYenpyMzdHeFV0NGtZUFZuUERqNjVQQTJHYUdKMThibFFLRW5UTkFzQjVnSEViX1JBMnZDWDZGZENJRjNqRDQzMTVfX3NqSW5MTTVvU3diRjlwYmt4UGRxRXc2LXdEZk5BZHVGUTVpNjBEWGIwTGxVSkpTdnNDRGo1X3fSAc4BQVVfeXFMUE5WdmtVSjV1NU9mWnByamVvdXZ3M281M2xLQ2xiSTYyNVVELU1kbW1nc1lPcWpyVnRzUi1iQmo3T05JX0pQajloTXg2eUU3TlpITW9NTjQyQnBsR0ViM3JEQ2MwZWcwZmJyTVdiaTF3VmpjTXNNNThpSmEyMXIybUtjQnU2SGZDd2hQZnV6QThtT0xGZnhqMHZXRzZyS3JWbXFUVDVQRV9USkNnLUp3cE85ek9Rbl95OTlRem1sbXY4YUp6Um1mdnNKY1Y1Q3c?oc=5,2025-09-06 12:18:03,Krishi Jagran Hindi,"<a href=""https://news.google.com/rss/articles/CBMixgFBVV95cUxNTjhlR29XVTlZZTJGb0tZUkphR2lVR09PTXVhc3ZIYWVnNWlhcmp5WEpyT244Vkd0N2VFQUVVZ0VJWWh5dFhYeDVnaXhYenpyMzdHeFV0NGtZUFZuUERqNjVQQTJHYUdKMThibFFLRW5UTkFzQjVnSEViX1JBMnZDWDZGZENJRjNqRDQzMTVfX3NqSW5MTTVvU3diRjlwYmt4UGRxRXc2LXdEZk5BZHVGUTVpNjBEWGIwTGxVSkpTdnNDRGo1X3fSAc4BQVVfeXFMUE5WdmtVSjV1NU9mWnByamVvdXZ3M281M2xLQ2xiSTYyNVVELU1kbW1nc1lPcWpyVnRzUi1iQmo3T05JX0pQajloTXg2eUU3TlpITW9NTjQyQnBsR0ViM3JEQ2MwZWcwZmJyTVdiaTF3VmpjTXNNNThpSmEyMXIybUtjQnU2SGZDd2hQZnV6QThtT0xGZnhqMHZXRzZyS3JWbXFUVDVQRV9USkNnLUp3cE85ek9Rbl95OTlRem1sbXY4YUp6Um1mdnNKY1Y1Q3c?oc=5"" target=""_blank"">Weather Alert! आज इन राज्यों में होगी गरज के साथ भारी बारिश, जानें आपके शहर में कैसा रहेगा मौसम</a>&nbsp;&nbsp;<font color=""#6f6f6f"">Krishi Jagran Hindi</font>",Disaster,hi
"पेट में तेज दर्द से पहले भाई फिर बहन ने तोड़ा दम, 48 घंटे में दो मौत; गांव में परसा मातम - Hindustan",https://news.google.com/rss/articles/CBMigwJBVV95cUxQazhxckVWREt0RWJRVS05M2RCdHVnemVsVUdicW4tMURiV3NkOFcxNDdDNThJUVZvd3Bwd29PRWt1UTRON0tQM3BnLVBXeEhrOUxLNTkxOW5VbmVpV2xSdHgzTDlwUlh2dTVEcG5WTG1hb2ZXcmVlLWoxZ3BQUno2N3FNanBuUzM4dEpnUl92NkxEYWlON2pOTFBrTGh3eFp1VnJoc25KODAxWmZnblZzQmVOaE1lSjZXT194RUIzQjJfZzNHeV9vamQzbTQ5TU1nd0FJNzdRbHNuT2FrbDBYcWNNajI0ZzhxWEJsMGRfUi1nTnY3SzFxTld4VEZva0tVaTlj0gGDAkFVX3lxTFBrOHFyRVZES3RFYlFVLTkzZEJ0dWd6ZWxVR2Jxbi0xRGJXc2Q4VzE0N0M1OElRVm93cHB3b09Fa3VRNE43S1AzcGctUFd4SGs5TEs1OTE5blVuZWlXbFJ0eDNMOXBSWHZ1NURwblZMbWFvZldyZWUtajFncFBSejY3cU1qcG5TMzh0SmdSX3Y2TERhaU43ak5MUGtMaHd4WnVWcmhzbko4MDFaZmduVnNCZU5oTWVKNldPX3hFQjNCMl9nM0d5X29qZDNtNDlNTWd3QUk3N1Fsc25PYWtsMFhxY01qMjRnOHFYQmwwZF9SLWdOdjdLMXFOV3hURm9rS1VpOWM?oc=5,2025-09-06 14:22:53,Hindustan,"<a href=""https://news.google.com/rss/articles/CBMigwJBVV95cUxQazhxckVWREt0RWJRVS05M2RCdHVnemVsVUdicW4tMURiV3NkOFcxNDdDNThJUVZvd3Bwd29PRWt1UTRON0tQM3BnLVBXeEhrOUxLNTkxOW5VbmVpV2xSdHgzTDlwUlh2dTVEcG5WTG1hb2ZXcmVlLWoxZ3BQUno2N3FNanBuUzM4dEpnUl92NkxEYWlON2pOTFBrTGh3eFp1VnJoc25KODAxWmZnblZzQmVOaE1lSjZXT194RUIzQjJfZzNHeV9vamQzbTQ5TU1nd0FJNzdRbHNuT2FrbDBYcWNNajI0ZzhxWEJsMGRfUi1nTnY3SzFxTld4VEZva0tVaTlj0gGDAkFVX3lxTFBrOHFyRVZES3RFYlFVLTkzZEJ0dWd6ZWxVR2Jxbi0xRGJXc2Q4VzE0N0M1OElRVm93cHB3b09Fa3VRNE43S1AzcGctUFd4SGs5TEs1OTE5blVuZWlXbFJ0eDNMOXBSWHZ1NURwblZMbWFvZldyZWUtajFncFBSejY3cU1qcG5TMzh0SmdSX3Y2TERhaU43ak5MUGtMaHd4WnVWcmhzbko4MDFaZmduVnNCZU5oTWVKNldPX3hFQjNCMl9nM0d5X29qZDNtNDlNTWd3QUk3N1Fsc25PYWtsMFhxY01qMjRnOHFYQmwwZF9SLWdOdjdLMXFOV3hURm9rS1VpOWM?oc=5"" target=""_blank"">पेट में तेज दर्द से पहले भाई फिर बहन ने तोड़ा दम, 48 घंटे में दो मौत; गांव में परसा मातम</a>&nbsp;&nbsp;<font color=""#6f6f6f"">Hindustan</font>",Disaster,hi
"गंगा में फिर बढ़ाव शुरू, तटवर्ती सहमे - Hindustan",https://news.google.com/rss/articles/CBMi8wFBVV95cUxQc0VMSVlaVklIeEFyNjNkczZpNmdYYmN5VTlTbkhLdnNzM0paN3JrTk9MaVkyeDRZaWt1akphalpxZkhwY3NLb2JxdUNwV3c5a2FoYl9OaHV6YTRrTS1NdmlLNUhOYnB0VGw0T09vaFdvMjVQQ3pmbzJWdmJrbXZkWVFIVTJZd3JLNnl6MkE4SnotZnNlbm1OcU1vMFlpaW0xMm1TR2FxazVNTjA4TFpTVnREenBNdUV6bzc1ODlHdGV4V0dYOUpOam9qRlRWQzdiQ2JORThleEt4ai1CV0lyakpwNUZFSWJOVWlQRUdDeWlxbUnSAfMBQVVfeXFMUHNFTElZWlZJSHhBcjYzZHM2aTZnWGJjeVU5U25IS3ZzczNKWjdya05PTGlZMng0WWlrdWpKYWpacWZIcGNzS29icXVDcFd3OWthaGJfTmh1emE0a00tTXZpSzVITmJwdFRsNE9Pb2hXbzI1UEN6Zm8yVnZia212ZFlRSFUyWXdySzZ5ejJBOEp6LWZzZW5tTnFNbzBZaWltMTJtU0dhcWs1TU4wOExaU1Z0RHpwTXVFem83NTg5R3RleFdHWDlKTmpvakZUVkM3YkNiTkU4ZXhLeGotQldJcmpKcDVGRUliTlVpUEVHQ3lpcW1J?oc=5,2025-09-06 14:45:11,Hindustan,"<a href=""https://news.google.com/rss/articles/CBMi8wFBVV95cUxQc0VMSVlaVklIeEFyNjNkczZpNmdYYmN5VTlTbkhLdnNzM0paN3JrTk9MaVkyeDRZaWt1akphalpxZkhwY3NLb2JxdUNwV3c5a2FoYl9OaHV6YTRrTS1NdmlLNUhOYnB0VGw0T09vaFdvMjVQQ3pmbzJWdmJrbXZkWVFIVTJZd3JLNnl6MkE4SnotZnNlbm1OcU1vMFlpaW0xMm1TR2FxazVNTjA4TFpTVnREenBNdUV6bzc1ODlHdGV4V0dYOUpOam9qRlRWQzdiQ2JORThleEt4ai1CV0lyakpwNUZFSWJOVWlQRUdDeWlxbUnSAfMBQVVfeXFMUHNFTElZWlZJSHhBcjYzZHM2aTZnWGJjeVU5U25IS3ZzczNKWjdya05PTGlZMng0WWlrdWpKYWpacWZIcGNzS29icXVDcFd3OWthaGJfTmh1emE0a00tTXZpSzVITmJwdFRsNE9Pb2hXbzI1UEN6Zm8yVnZia212ZFlRSFUyWXdySzZ5ejJBOEp6LWZzZW5tTnFNbzBZaWltMTJtU0dhcWs1TU4wOExaU1Z0RHpwTXVFem83NTg5R3RleFdHWDlKTmpvakZUVkM3YkNiTkU4ZXhLeGotQldJcmpKcDVGRUliTlVpUEVHQ3lpcW1J?oc=5"" target=""_blank"">गंगा में फिर बढ़ाव शुरू, तटवर्ती सहमे</a>&nbsp;&nbsp;<font color=""#6f6f6f"">Hindustan</font>",Disaster,hi
"भारी बारिश और बैराज से छोड़े पानी ने बढ़ाया संकट, यूपी का ये जिला हुआ जलमग्न - indianews.in",https://news.google.com/rss/articles/CBMiwwFBVV95cUxPcGktUTY2Z0xTZm9DVmNzb2VXcFU4TGJ1N044aUNSOVNPZDZCTWdUOXNBTjdteU5IdkpfT2VoNE1ZLUczXzAwWVEyc3lWem4xQ3Zjc2oxUGtCS0NaZTM4SW1TWE1qQ1RUZjVhQkpQZUp0WjcwRlprLVdheXY3eXY0djVwYmtQNEwzWExVMU1NQzBFTmZxTnpudXltMUcwQ1Zjd08yd3JsZTFfVkZOdGozYVdCLV9rQVpKd0Y1Z2lJNnFZTUXSAcgBQVVfeXFMTTF4NGZMTExudm5KSXdWdlgzSXdlMWs1MEk2MVhaVmh1QXdJTVRyU0pVTlRxbHV0eGNqLXBYU0VZb2ZUdno4Q091NXM3ZTFZMmlCMkRsM0FVWEhNOGxneWpkV0dQUFlzaXFRVlp1OXFyY2V1MGw3TjI0cUhBMjczZ1FPcDNWTXBYWTRMc0xuMFVlb20wRUxEelZsY3hhR1FaMzlLV0RQWnRpcW52dklISU9JV2k2bDBNSG5fd0hzeTNCaGFVNnpGYlY?oc=5,2025-09-06 13:59:50,indianews.in,"<a href=""https://news.google.com/rss/articles/CBMiwwFBVV95cUxPcGktUTY2Z0xTZm9DVmNzb2VXcFU4TGJ1N044aUNSOVNPZDZCTWdUOXNBTjdteU5IdkpfT2VoNE1ZLUczXzAwWVEyc3lWem4xQ3Zjc2oxUGtCS0NaZTM4SW1TWE1qQ1RUZjVhQkpQZUp0WjcwRlprLVdheXY3eXY0djVwYmtQNEwzWExVMU1NQzBFTmZxTnpudXltMUcwQ1Zjd08yd3JsZTFfVkZOdGozYVdCLV9rQVpKd0Y1Z2lJNnFZTUXSAcgBQVVfeXFMTTF4NGZMTExudm5KSXdWdlgzSXdlMWs1MEk2MVhaVmh1QXdJTVRyU0pVTlRxbHV0eGNqLXBYU0VZb2ZUdno4Q091NXM3ZTFZMmlCMkRsM0FVWEhNOGxneWpkV0dQUFlzaXFRVlp1OXFyY2V1MGw3TjI0cUhBMjczZ1FPcDNWTXBYWTRMc0xuMFVlb20wRUxEelZsY3hhR1FaMzlLV0RQWnRpcW52dklISU9JV2k2bDBNSG5fd0hzeTNCaGFVNnpGYlY?oc=5"" target=""_blank"">भारी बारिश और बैराज से छोड़े पानी ने बढ़ाया संकट, यूपी का ये जिला हुआ जलमग्न</a>&nbsp;&nbsp;<font color=""#6f6f6f"">indianews.in</font>",Disaster,hi
कछार की आबादी में बाढ़ की दस्तक - Hindustan,https://news.google.com/rss/articles/CBMi6AFBVV95cUxPcGZpSWJzUmlsMTVPWG5nNVdCNlAwV1l5QjdVR1pERURpWHMyWXBxVElVcVc4bC1kcWJsNmc5em1KYVlUYVlPZ01GbWtNMmM3bm5ORHpBbDl6LWdFV0JidWp3WVZNNm5aUUJyaWtQdWRYRHluUkhvajJYcjI1bUpnZ3M4dlRmcm5LUXJHV0dnR19HdU11YTRrRFFYVUJfRHcyNmNISXc4RHk0NFE1MWhMc0dkUzBGMjNSTm5ZZWMxSG01UHd0Z0YzbjVSbl9QOGh4anBkWlBkWnMwckpfc1E5TkgzTHhSWDdZ0gHoAUFVX3lxTE9wZmlJYnNSaWwxNU9Ybmc1V0I2UDBXWXlCN1VHWkRFRGlYczJZcHFUSVVxVzhsLWRxYmw2Zzl6bUphWVRhWU9nTUZta00yYzdubk5EekFsOXotZ0VXQmJ1andZVk02blpRQnJpa1B1ZFhEeW5SSG9qMlhyMjVtSmdnczh2VGZybktRckdXR2dHX0d1TXVhNGtEUVhVQl9EdzI2Y0hJdzhEeTQ0UTUxaExzR2RTMEYyM1JOblllYzFIbTVQd3RnRjNuNVJuX1A4aHhqcGRaUGRaczBySl9zUTlOSDNMeFJYN1k?oc=5,2025-09-06 11:48:09,Hindustan,"<a href=""https://news.google.com/rss/articles/CBMi6AFBVV95cUxPcGZpSWJzUmlsMTVPWG5nNVdCNlAwV1l5QjdVR1pERURpWHMyWXBxVElVcVc4bC1kcWJsNmc5em1KYVlUYVlPZ01GbWtNMmM3bm5ORHpBbDl6LWdFV0JidWp3WVZNNm5aUUJyaWtQdWRYRHluUkhvajJYcjI1bUpnZ3M4dlRmcm5LUXJHV0dnR19HdU11YTRrRFFYVUJfRHcyNmNISXc4RHk0NFE1MWhMc0dkUzBGMjNSTm5ZZWMxSG01UHd0Z0YzbjVSbl9QOGh4anBkWlBkWnMwckpfc1E5TkgzTHhSWDdZ0gHoAUFVX3lxTE9wZmlJYnNSaWwxNU9Ybmc1V0I2UDBXWXlCN1VHWkRFRGlYczJZcHFUSVVxVzhsLWRxYmw2Zzl6bUphWVRhWU9nTUZta00yYzdubk5EekFsOXotZ0VXQmJ1andZVk02blpRQnJpa1B1ZFhEeW5SSG9qMlhyMjVtSmdnczh2VGZybktRckdXR2dHX0d1TXVhNGtEUVhVQl9EdzI2Y0hJdzhEeTQ0UTUxaExzR2RTMEYyM1JOblllYzFIbTVQd3RnRjNuNVJuX1A4aHhqcGRaUGRaczBySl9zUTlOSDNMeFJYN1k?oc=5"" target=""_blank"">कछार की आबादी में बाढ़ की दस्तक</a>&nbsp;&nbsp;<font color=""#6f6f6f"">Hindustan</font>",Disaster,hi
"आसमानी आफत लाएगी तबाही, इन राज्यों में भारी बारिश का अलर्ट - Patrika News",https://news.google.com/rss/articles/CBMixwFBVV95cUxPWkt1TExQdzdKWjdhSjNLaUNYT1gxYU8zb3VFczFsTWk3M2JGNWMtZkVCbGJXZmZiRGZwM3lJT003UzFIZlBTczZxS0FNS0FxNmpPenE2d2FfRktseGI0eXBBSG05WV9Nb3NfR3B2aF9IR3NJVXloV3dmd1B3OHNXckdOU2lISXUwQ3M4SVkxNmhwUkNvV1hEakY3RkFaOXoyZmdKdTZVT1NCQjh0cF8zd2dDUFhVY0lGN2NZZl9xaWctcEJLaTlN?oc=5,2025-09-06 22:29:00,Patrika News,"<a href=""https://news.google.com/rss/articles/CBMixwFBVV95cUxPWkt1TExQdzdKWjdhSjNLaUNYT1gxYU8zb3VFczFsTWk3M2JGNWMtZkVCbGJXZmZiRGZwM3lJT003UzFIZlBTczZxS0FNS0FxNmpPenE2d2FfRktseGI0eXBBSG05WV9Nb3NfR3B2aF9IR3NJVXloV3dmd1B3OHNXckdOU2lISXUwQ3M4SVkxNmhwUkNvV1hEakY3RkFaOXoyZmdKdTZVT1NCQjh0cF8zd2dDUFhVY0lGN2NZZl9xaWctcEJLaTlN?oc=5"" target=""_blank"">आसमानी आफत लाएगी तबाही, इन राज्यों में भारी बारिश का अलर्ट</a>&nbsp;&nbsp;<font color=""#6f6f6f"">Patrika News</font>",Disaster,hi
"यूपी का मौसम: पूर्वी और पश्चिमी UP में हल्की बारिश के आसार, उमस ने बढ़ाई लोगों की मुश्किलें - Navbharat Times",https://news.google.com/rss/articles/CBMijgJBVV95cUxNWTZ5SG03VHpGVTJBTUNmNjEyN0tMZVJKeE02cDVnVXd5Nmt2bUdjR0lxX0k4d0RpSm56VTNVQWJwb1NONll1OGxydzVBV0ctbEVDUHV0V2dmamxQZGU0Wmd3WG9FVUs4RXlXU3I2Szl1UENIYzZlUjNUaVdHSElZQ2FGdjNHYUVWeTdOQlNrRVIzU1BRSjBtX0czZ3dDT3hlbmdiOUh5aGtFbnBGRnUtY1A1eFotQnQ0SnNZaXp0ZV9CTXBtaTF2OWMtbzVvSHk2dHNPeFktcnAyMVFNMUozUksyRmdRNmd1VW9ZTXN5Mnd2VWdsWWR3ZGlZQ0RON1lYQ0wxSHBMOW40ZVRENHfSAZMCQVVfeXFMTWtLaTJ6TWtTUHFZUEJqc09fSkpGXzAwZ0tBdTh5eWp5UVZxX3JXTDdLa3RFQ25hYWJGWjRXOVh4TzdoZ2hvc3JZTC12WnJoczQ5MG1DVUY2akdzUlB6MUtHR0IyMzgyTkJJWHNsSmpsVE1nR0x5VzZRZU85MDZtTEd4SWZOc3pPUFlHZUswenV4dkpYYWp6N19wRHVscWdzVDdOQi1yMlFIR3RBM05GcVRCT295aHNwYnBxX0ZzeWZ1dmNqM0xqckFCWmk3bUdKRXNuV1IwYnBGeHhIWWJsN2Z5VU1BdHZ0YkZlWHdvb0ZsakstTms3RWNrWWlCWDY2YlVMaS15S0JEemdPLTFERWVjTms?oc=5,2025-09-07 05:10:45,Navbharat Times,"<a href=""https://news.google.com/rss/articles/CBMijgJBVV95cUxNWTZ5SG03VHpGVTJBTUNmNjEyN0tMZVJKeE02cDVnVXd5Nmt2bUdjR0lxX0k4d0RpSm56VTNVQWJwb1NONll1OGxydzVBV0ctbEVDUHV0V2dmamxQZGU0Wmd3WG9FVUs4RXlXU3I2Szl1UENIYzZlUjNUaVdHSElZQ2FGdjNHYUVWeTdOQlNrRVIzU1BRSjBtX0czZ3dDT3hlbmdiOUh5aGtFbnBGRnUtY1A1eFotQnQ0SnNZaXp0ZV9CTXBtaTF2OWMtbzVvSHk2dHNPeFktcnAyMVFNMUozUksyRmdRNmd1VW9ZTXN5Mnd2VWdsWWR3ZGlZQ0RON1lYQ0wxSHBMOW40ZVRENHfSAZMCQVVfeXFMTWtLaTJ6TWtTUHFZUEJqc09fSkpGXzAwZ0tBdTh5eWp5UVZxX3JXTDdLa3RFQ25hYWJGWjRXOVh4TzdoZ2hvc3JZTC12WnJoczQ5MG1DVUY2akdzUlB6MUtHR0IyMzgyTkJJWHNsSmpsVE1nR0x5VzZRZU85MDZtTEd4SWZOc3pPUFlHZUswenV4dkpYYWp6N19wRHVscWdzVDdOQi1yMlFIR3RBM05GcVRCT295aHNwYnBxX0ZzeWZ1dmNqM0xqckFCWmk3bUdKRXNuV1IwYnBGeHhIWWJsN2Z5VU1BdHZ0YkZlWHdvb0ZsakstTms3RWNrWWlCWDY2YlVMaS15S0JEemdPLTFERWVjTms?oc=5"" target=""_blank"">यूपी का मौसम: पूर्वी और पश्चिमी UP में हल्की बारिश के आसार, उमस ने बढ़ाई लोगों की मुश्किलें</a>&nbsp;&nbsp;<font color=""#6f6f6f"">Navbharat Times</font>",Disaster,hi
"Unnao Flood: गंगा के खतरे के निशान के करीब पहुंचने से कई इलाकों में भरा पानी, आवागमन हुआ बाधित - Jagran",https://news.google.com/rss/articles/CBMimgJBVV95cUxPRDJleFZ6QVNKVHItWkhxVk5IVUtPNlM5LVQ4ZEpSQUVaS2pBV1NxdWZDendQeFRwekJPUU8yYXZCTXE1aVNBd0Q3ZzlQLURMOV8zTkRDajVic3pnNzRFUHJlS1gwa3VneWotZ292anVuZDN6WG5kMVRqNU1aT2NmNnktVGUwYXU0eHBNS2VONXpBSEUtNUhrUl93Q2RSMGYtU1VqMVRiOTJxV2lPX3d2UGFiUmt3V0FWMEVHZzQ4WXZhNmxHQkJJTF9MTUZQTDJrRUo2Z3FRYU01MGNqaGFaZlQ1UWRiOWxpQS1tVW5GU2hqeTBOcVNZOGFxT25pczN6cVlRX3Y3VWE5cjJwZFRFZXhvVGhqYS05MGc?oc=5,2025-09-07 05:46:00,Jagran,"<a href=""https://news.google.com/rss/articles/CBMimgJBVV95cUxPRDJleFZ6QVNKVHItWkhxVk5IVUtPNlM5LVQ4ZEpSQUVaS2pBV1NxdWZDendQeFRwekJPUU8yYXZCTXE1aVNBd0Q3ZzlQLURMOV8zTkRDajVic3pnNzRFUHJlS1gwa3VneWotZ292anVuZDN6WG5kMVRqNU1aT2NmNnktVGUwYXU0eHBNS2VONXpBSEUtNUhrUl93Q2RSMGYtU1VqMVRiOTJxV2lPX3d2UGFiUmt3V0FWMEVHZzQ4WXZhNmxHQkJJTF9MTUZQTDJrRUo2Z3FRYU01MGNqaGFaZlQ1UWRiOWxpQS1tVW5GU2hqeTBOcVNZOGFxT25pczN6cVlRX3Y3VWE5cjJwZFRFZXhvVGhqYS05MGc?oc=5"" target=""_blank"">Unnao Flood: गंगा के खतरे के निशान के करीब पहुंचने से कई इलाकों में भरा पानी, आवागमन हुआ बाधित</a>&nbsp;&nbsp;<font color=""#6f6f6f"">Jagran</font>",Disaster,hi
"मुंबई में फ्लैट बेचने के नाम पर हो गया बड़ा कारनामा, यूपी के रियल एस्टेट कारोबारी से 2.16 करोड़ रुपये ठगे - Jagran",https://news.google.com/rss/articles/CBMiowJBVV95cUxPSmthVTgzQXB2dllKcmg4STdJVzgzcDMtSm5aYlAtZmdsTy13R0NVV0dTdXNQazh4Zi1MeFB4blB6UkxSb2FDSjBqNDFqSmZRaFdHM1ZuaXFGWW95bWxmQWgwNlpNdy1LSVczZ3FaekFEeE5LNHh2U0RLQUktYUNQcTJGTm1kd21zRHdhWGMyMlpFWkRIbmF2dm5VXy1qQVdfajU0RTNnaXZDWUhGZ0pJOGhSNF9tWEFnNDI5SFNEa01NcUlKdldLdEw2QjBaaGFJZmxMN2JuYUFEOFhCb1ZzMjFLWGZpNHNEUWxVSUd6QU1qUGg2a2p4R0RXT3k0c29QZ2wxSzlDVnQ2RXRkajMxSHZFV2JlaEFuYXd1NHZ3UzQtNkE?oc=5,2025-09-06 19:03:00,Jagran,"<a href=""https://news.google.com/rss/articles/CBMiowJBVV95cUxPSmthVTgzQXB2dllKcmg4STdJVzgzcDMtSm5aYlAtZmdsTy13R0NVV0dTdXNQazh4Zi1MeFB4blB6UkxSb2FDSjBqNDFqSmZRaFdHM1ZuaXFGWW95bWxmQWgwNlpNdy1LSVczZ3FaekFEeE5LNHh2U0RLQUktYUNQcTJGTm1kd21zRHdhWGMyMlpFWkRIbmF2dm5VXy1qQVdfajU0RTNnaXZDWUhGZ0pJOGhSNF9tWEFnNDI5SFNEa01NcUlKdldLdEw2QjBaaGFJZmxMN2JuYUFEOFhCb1ZzMjFLWGZpNHNEUWxVSUd6QU1qUGg2a2p4R0RXT3k0c29QZ2wxSzlDVnQ2RXRkajMxSHZFV2JlaEFuYXd1NHZ3UzQtNkE?oc=5"" target=""_blank"">मुंबई में फ्लैट बेचने के नाम पर हो गया बड़ा कारनामा, यूपी के रियल एस्टेट कारोबारी से 2.16 करोड़ रुपये ठगे</a>&nbsp;&nbsp;<font color=""#6f6f6f"">Jagran</font>",Disaster,hi
"Uttar की प्रमुख खबरें 6th September 2025: UP News: बेसिक स्कूलों में बच्चों को पढ़ाने के लिए रखे जाएंगे विशेष शिक्षक, 5352 पदों पर होगी नियुक्ति - Jagran",https://news.google.com/rss/articles/CBMi8AFBVV95cUxOVVJoVVJ1ei13ZGRoM1Yxcy1IaVlfcWJZek9KcXc0S1R6N2JKcTJ0ajZnYy1BLXRYbDd2WC1mbElyZ3VQTThOVkVsSEUtMUJzWExNNloxOVAwbFg0VGFsVWF2alpzSERLM3BIU2tDVnZubnlnNDhQRkR1T2VyeFE5X09YOXplVGhjYUZDOGU5ZEZFZkJwYXJKbE9EYUVzbm15aXItakN2ejBHNDBWSC0wZHRtXzdLWEVuWFBGUlpXTDk5WlFPSDZRd01VQkJDcHhtanVrNEhTbmlPZ0wzaGVTSXMxbVBQbkNoM3NtR0l5NHQ?oc=5,2025-09-06 23:41:41,Jagran,"<a href=""https://news.google.com/rss/articles/CBMi8AFBVV95cUxOVVJoVVJ1ei13ZGRoM1Yxcy1IaVlfcWJZek9KcXc0S1R6N2JKcTJ0ajZnYy1BLXRYbDd2WC1mbElyZ3VQTThOVkVsSEUtMUJzWExNNloxOVAwbFg0VGFsVWF2alpzSERLM3BIU2tDVnZubnlnNDhQRkR1T2VyeFE5X09YOXplVGhjYUZDOGU5ZEZFZkJwYXJKbE9EYUVzbm15aXItakN2ejBHNDBWSC0wZHRtXzdLWEVuWFBGUlpXTDk5WlFPSDZRd01VQkJDcHhtanVrNEhTbmlPZ0wzaGVTSXMxbVBQbkNoM3NtR0l5NHQ?oc=5"" target=""_blank"">Uttar की प्रमुख खबरें 6th September 2025: UP News: बेसिक स्कूलों में बच्चों को पढ़ाने के लिए रखे जाएंगे विशेष शिक्षक, 5352 पदों पर होगी नियुक्ति</a>&nbsp;&nbsp;<font color=""#6f6f6f"">Jagran</font>",Disaster,hi
बीसलपुर-बरेली और पीलीभीत मार्ग पर आवाजाही शुरू - Hindustan,https://news.google.com/rss/articles/CBMi4AFBVV95cUxOeURyLXk1YnBUT3NEMjZBWnNibXNTR1VBVFczckhEam5YTVV2VHlCd0JnWWRPazZzVWFQblFJbU9iNEd4U3NDeEN5ZkcyN1dBdzhiWlF0RjFxSVo3akN5Q0g3czlnQ05aTElnWEdlcUpsNG1abkVJd2NsOGJFZnVoZXRLYV9icDBCUTJMV1N3LTFDbVMxcVJrVEIyWnRxU1oyME9SZFdpSlh1VG9tNkRoZ3RHbkR4ZURCc3p2bF80NmdGcUhSb19fU3lpbEhTSm1ZbEZhZVFmR2VaajJPZXFfYdIB4AFBVV95cUxOeURyLXk1YnBUT3NEMjZBWnNibXNTR1VBVFczckhEam5YTVV2VHlCd0JnWWRPazZzVWFQblFJbU9iNEd4U3NDeEN5ZkcyN1dBdzhiWlF0RjFxSVo3akN5Q0g3czlnQ05aTElnWEdlcUpsNG1abkVJd2NsOGJFZnVoZXRLYV9icDBCUTJMV1N3LTFDbVMxcVJrVEIyWnRxU1oyME9SZFdpSlh1VG9tNkRoZ3RHbkR4ZURCc3p2bF80NmdGcUhSb19fU3lpbEhTSm1ZbEZhZVFmR2VaajJPZXFfYQ?oc=5,2025-09-07 02:41:24,Hindustan,"<a href=""https://news.google.com/rss/articles/CBMi4AFBVV95cUxOeURyLXk1YnBUT3NEMjZBWnNibXNTR1VBVFczckhEam5YTVV2VHlCd0JnWWRPazZzVWFQblFJbU9iNEd4U3NDeEN5ZkcyN1dBdzhiWlF0RjFxSVo3akN5Q0g3czlnQ05aTElnWEdlcUpsNG1abkVJd2NsOGJFZnVoZXRLYV9icDBCUTJMV1N3LTFDbVMxcVJrVEIyWnRxU1oyME9SZFdpSlh1VG9tNkRoZ3RHbkR4ZURCc3p2bF80NmdGcUhSb19fU3lpbEhTSm1ZbEZhZVFmR2VaajJPZXFfYdIB4AFBVV95cUxOeURyLXk1YnBUT3NEMjZBWnNibXNTR1VBVFczckhEam5YTVV2VHlCd0JnWWRPazZzVWFQblFJbU9iNEd4U3NDeEN5ZkcyN1dBdzhiWlF0RjFxSVo3akN5Q0g3czlnQ05aTElnWEdlcUpsNG1abkVJd2NsOGJFZnVoZXRLYV9icDBCUTJMV1N3LTFDbVMxcVJrVEIyWnRxU1oyME9SZFdpSlh1VG9tNkRoZ3RHbkR4ZURCc3p2bF80NmdGcUhSb19fU3lpbEhTSm1ZbEZhZVFmR2VaajJPZXFfYQ?oc=5"" target=""_blank"">बीसलपुर-बरेली और पीलीभीत मार्ग पर आवाजाही शुरू</a>&nbsp;&nbsp;<font color=""#6f6f6f"">Hindustan</font>",Disaster,hi
"Shahjahanpur Flood: गर्रा नदी में आई बाढ़, लखनऊ-दिल्ली हाईवे पर पानी आने से ट्रैफिक प्रभावित - Jagran",https://news.google.com/rss/articles/CBMixgFBVV95cUxNRXRlYnNHSzJoM1hUZHVSYnBHSDVEdmlqSllqeFJKQzFFRTBvNFdNbkp0NVNiTlZ3X0pmOW95bzhoX2lxYzFDbjc5VG1lN3BKU3ROaWhWemM1cG1ZUmtWMXZ3VGhBc2NqcTlyb0djQkRJSVk0S19uLXFQNWVZcTdPVEl3WTFvMDVhUjFEU1BqRGJkR05LRzhnSXlmd1ljMFdOSF9UWFV3aVM5X1VjRmNhVVhiZHJaQ1hSUUFLem82RFVTMThiRGc?oc=5,2025-09-06 12:59:00,Jagran,"<a href=""https://news.google.com/rss/articles/CBMixgFBVV95cUxNRXRlYnNHSzJoM1hUZHVSYnBHSDVEdmlqSllqeFJKQzFFRTBvNFdNbkp0NVNiTlZ3X0pmOW95bzhoX2lxYzFDbjc5VG1lN3BKU3ROaWhWemM1cG1ZUmtWMXZ3VGhBc2NqcTlyb0djQkRJSVk0S19uLXFQNWVZcTdPVEl3WTFvMDVhUjFEU1BqRGJkR05LRzhnSXlmd1ljMFdOSF9UWFV3aVM5X1VjRmNhVVhiZHJaQ1hSUUFLem82RFVTMThiRGc?oc=5"" target=""_blank"">Shahjahanpur Flood: गर्रा नदी में आई बाढ़, लखनऊ-दिल्ली हाईवे पर पानी आने से ट्रैफिक प्रभावित</a>&nbsp;&nbsp;<font color=""#6f6f6f"">Jagran</font>",Disaster,hi
"वृंदावन में जलजमाव के बावजूद परिक्रमा करते नजर आए श्रद्धालु, देखें - AajTak",https://news.google.com/rss/articles/CBMitwFBVV95cUxQaDBId2swNkVmRmJaMVFSQVpVYjBSY09IeXBRMDBHNXJxVWNzTE5yMVh6elYxOURGRkxiLWxQRklGRXhmU0VZWlJsLWw0NFFNTGR6eUFpWS1pTHdiZTNwMTVtaFZnTUFoNjlkM0dsemtFZjN4bUJGQlNsc0dZNlBLZmFobHBWd3c1bnFXTHNfbHoyZjUzOFNhZXctQzBfbGtDLWVNMUZjSjVIV1VwdzdxRUF4TFo1QVnSAbwBQVVfeXFMUFprbS1wdVJqdVlIVWVkNXBtRFloS2FjZ2ZHWkFjeU44YUd1bEQ4d1ltVFJJbTBVeWxaUkhGMUEwa29YVldCWjdzYzJsYlVJeWxCNVVSbF9ENDZ6TEtGN2hKM0c5LUk5aDZtb2NqRVVaYnVPMWhMbUVld2ZWcENtbHozODVULWxicF9xOGZXY2VIVXRUTU9DSTdYXzdCLUhEaHhYSERQV2Y0SUlyYUZwV0NzUWgyczZYYkM1WS0?oc=5,2025-09-06 20:05:59,AajTak,"<a href=""https://news.google.com/rss/articles/CBMitwFBVV95cUxQaDBId2swNkVmRmJaMVFSQVpVYjBSY09IeXBRMDBHNXJxVWNzTE5yMVh6elYxOURGRkxiLWxQRklGRXhmU0VZWlJsLWw0NFFNTGR6eUFpWS1pTHdiZTNwMTVtaFZnTUFoNjlkM0dsemtFZjN4bUJGQlNsc0dZNlBLZmFobHBWd3c1bnFXTHNfbHoyZjUzOFNhZXctQzBfbGtDLWVNMUZjSjVIV1VwdzdxRUF4TFo1QVnSAbwBQVVfeXFMUFprbS1wdVJqdVlIVWVkNXBtRFloS2FjZ2ZHWkFjeU44YUd1bEQ4d1ltVFJJbTBVeWxaUkhGMUEwa29YVldCWjdzYzJsYlVJeWxCNVVSbF9ENDZ6TEtGN2hKM0c5LUk5aDZtb2NqRVVaYnVPMWhMbUVld2ZWcENtbHozODVULWxicF9xOGZXY2VIVXRUTU9DSTdYXzdCLUhEaHhYSERQV2Y0SUlyYUZwV0NzUWgyczZYYkM1WS0?oc=5"" target=""_blank"">वृंदावन में जलजमाव के बावजूद परिक्रमा करते नजर आए श्रद्धालु, देखें</a>&nbsp;&nbsp;<font color=""#6f6f6f"">AajTak</font>",Disaster,hi
"Lucknow Weather Update: दिल थाम कर बैठिये! 4 दिन और... पूर्वी यूपी में बादल मचाएंगे घमासान, जानें रविवार को लखनऊ समेत कैसा रहेगा पूरे प्रदेश का मौसम - Zee News",https://news.google.com/rss/articles/CBMimwJBVV95cUxNMjBqdGxXUmRhbTNQdjdlREliclRwVkktb3FpckxiNDBpOWxGcWM3ZkdLcU0xUnR6cHdfZ1ZScUFzQzN3OXlacEhSTl93aHpRVmQzanliLXVVa2tCQ0xoSlFnR0VBU2ZURl9fZzhnWGdaajVRbUM0UmVhRGYwb0RXVlVFZkNwSl8ta1QwR21EUk1vYlA4RURobTBVM0NkWS1CdGZXcXE4Z1NrYVhUUVBsZEM0eDZBTGt4MTNQeXR1akxWVUdyeFBXY3o1TzNPTXBkS3lMczhxRlZFLUxhS3JRblk5TC1GSXRRcFg1MWhtSnFWMzdUSTJPZnlTUjVGUVZnbzZKbkxyRWNOdjV1QTZqaEpnRndmeExLb29n?oc=5,2025-09-06 20:53:06,Zee News,"<a href=""https://news.google.com/rss/articles/CBMimwJBVV95cUxNMjBqdGxXUmRhbTNQdjdlREliclRwVkktb3FpckxiNDBpOWxGcWM3ZkdLcU0xUnR6cHdfZ1ZScUFzQzN3OXlacEhSTl93aHpRVmQzanliLXVVa2tCQ0xoSlFnR0VBU2ZURl9fZzhnWGdaajVRbUM0UmVhRGYwb0RXVlVFZkNwSl8ta1QwR21EUk1vYlA4RURobTBVM0NkWS1CdGZXcXE4Z1NrYVhUUVBsZEM0eDZBTGt4MTNQeXR1akxWVUdyeFBXY3o1TzNPTXBkS3lMczhxRlZFLUxhS3JRblk5TC1GSXRRcFg1MWhtSnFWMzdUSTJPZnlTUjVGUVZnbzZKbkxyRWNOdjV1QTZqaEpnRndmeExLb29n?oc=5"" target=""_blank"">Lucknow Weather Update: दिल थाम कर बैठिये! 4 दिन और... पूर्वी यूपी में बादल मचाएंगे घमासान, जानें रविवार को लखनऊ समेत कैसा रहेगा पूरे प्रदेश का मौसम</a>&nbsp;&nbsp;<font color=""#6f6f6f"">Zee News</font>",Disaster,hi
"मानसून फिर मचाएगा तांडव! अगले पांच दिनों तक भारी बारिश का रेड अलर्ट, इन जिलों में चेतावनी - Patrika News",https://news.google.com/rss/articles/CBMivwFBVV95cUxQYWpwb29hNm1pLVFldE94eFZJd214aU8wdmZSNDFpeWgzMEt1U2t1YlhsWGxrRklJV3V2c2lSSjc1bF9INThMb2RtYmItRFFzX0o5WXNzSlQyaFNYYS14OHZpX0ZzYm5tUmhfcUktMzBhckx0cUR4UTYtVGNGUDExWFloLS1oWmgyNmtta1Jpam5VSV9RTXp0UUJzendtb1pYMjMzV3M1SEJKVUIybjlyUmxIMjVuYU00SXRwNGZOTdIBxAFBVV95cUxONGRLazdaZUFFemxoc0JNdnFINEZwdFNhVy03X3htYTRvOGd1T3AtZjZ4VGlKZGMycXhaY1dqV0txanpNWGRzMG1BdzkxRk1YcGlPYU0wZnQ1VGhGeDRmSnl0T0dnV2lsLUYzVFVDYjJGTml4SDMyZVdvLTlvR193NW5GVDQ0SV9Uc2JjN3JLdGJZWURGT2lCWkRpZEE2b1ZMSURBZGg0Xy1SWHBCUE4xX21zTUZVaE9TdnB3SUtEZU5wM2Fo?oc=5,2025-09-07 05:28:35,Patrika News,"<a href=""https://news.google.com/rss/articles/CBMivwFBVV95cUxQYWpwb29hNm1pLVFldE94eFZJd214aU8wdmZSNDFpeWgzMEt1U2t1YlhsWGxrRklJV3V2c2lSSjc1bF9INThMb2RtYmItRFFzX0o5WXNzSlQyaFNYYS14OHZpX0ZzYm5tUmhfcUktMzBhckx0cUR4UTYtVGNGUDExWFloLS1oWmgyNmtta1Jpam5VSV9RTXp0UUJzendtb1pYMjMzV3M1SEJKVUIybjlyUmxIMjVuYU00SXRwNGZOTdIBxAFBVV95cUxONGRLazdaZUFFemxoc0JNdnFINEZwdFNhVy03X3htYTRvOGd1T3AtZjZ4VGlKZGMycXhaY1dqV0txanpNWGRzMG1BdzkxRk1YcGlPYU0wZnQ1VGhGeDRmSnl0T0dnV2lsLUYzVFVDYjJGTml4SDMyZVdvLTlvR193NW5GVDQ0SV9Uc2JjN3JLdGJZWURGT2lCWkRpZEE2b1ZMSURBZGg0Xy1SWHBCUE4xX21zTUZVaE9TdnB3SUtEZU5wM2Fo?oc=5"" target=""_blank"">मानसून फिर मचाएगा तांडव! अगले पांच दिनों तक भारी बारिश का रेड अलर्ट, इन जिलों में चेतावनी</a>&nbsp;&nbsp;<font color=""#6f6f6f"">Patrika News</font>",Disaster,hi
"बोले मुजफ्फरनगर: पैदल-वाहन चल पाना दुश्वार, आखिर किससे लगाएं गुहार - Hindustan",https://news.google.com/rss/articles/CBMi_wFBVV95cUxOY1N5MURyM3RodVlyelJOY2tDT04xTWcxUmFzQVFrRU01NFRWMENnZVpKb2xYNzZXNFJjcVAtU3ZWZWlWV1F2OG5Oc3pvc19YVDhBaW1pc1lxNXRIR1NfMnJZa1BKUDNkNWktNC12aEMtdUxmM0Z0cFl6MFF3cl9uMzJ6TFNjWXV5YTBFTUNWTG9XTHpqUk5YVWUtMW56X2l5S0ZtaHJhV2ZGaUVwMldMd0VzN0JBaDNGbmVEY0JRNDlpbkNWMXZQdi1hQXA0cm5CS3FzSkNsUWJLSzY0MTIxejVCQnVkSmdwR2pBMkc1dmd2dEhXUjFYcFprTEVITGfSAf8BQVVfeXFMTmNTeTFEcjN0aHVZcnpSTmNrQ09OMU1nMVJhc0FRa0VNNTRUVjBDZ2VaSm9sWDc2VzRSY3FQLVN2VmVpVldRdjhuTnN6b3NfWFQ4QWltaXNZcTV0SEdTXzJyWWtQSlAzZDVpLTQtdmhDLXVMZjNGdHBZejBRd3JfbjMyekxTY1l1eWEwRU1DVkxvV0x6alJOWFVlLTFuel9peUtGbWhyYVdmRmlFcDJXTHdFczdCQWgzRm5lRGNCUTQ5aW5DVjF2UHYtYUFwNHJuQktxc0pDbFFiS0s2NDEyMXo1QkJ1ZEpncEdqQTJHNXZndnRIV1IxWHBaa0xFSExn?oc=5,2025-09-07 01:32:23,Hindustan,"<a href=""https://news.google.com/rss/articles/CBMi_wFBVV95cUxOY1N5MURyM3RodVlyelJOY2tDT04xTWcxUmFzQVFrRU01NFRWMENnZVpKb2xYNzZXNFJjcVAtU3ZWZWlWV1F2OG5Oc3pvc19YVDhBaW1pc1lxNXRIR1NfMnJZa1BKUDNkNWktNC12aEMtdUxmM0Z0cFl6MFF3cl9uMzJ6TFNjWXV5YTBFTUNWTG9XTHpqUk5YVWUtMW56X2l5S0ZtaHJhV2ZGaUVwMldMd0VzN0JBaDNGbmVEY0JRNDlpbkNWMXZQdi1hQXA0cm5CS3FzSkNsUWJLSzY0MTIxejVCQnVkSmdwR2pBMkc1dmd2dEhXUjFYcFprTEVITGfSAf8BQVVfeXFMTmNTeTFEcjN0aHVZcnpSTmNrQ09OMU1nMVJhc0FRa0VNNTRUVjBDZ2VaSm9sWDc2VzRSY3FQLVN2VmVpVldRdjhuTnN6b3NfWFQ4QWltaXNZcTV0SEdTXzJyWWtQSlAzZDVpLTQtdmhDLXVMZjNGdHBZejBRd3JfbjMyekxTY1l1eWEwRU1DVkxvV0x6alJOWFVlLTFuel9peUtGbWhyYVdmRmlFcDJXTHdFczdCQWgzRm5lRGNCUTQ5aW5DVjF2UHYtYUFwNHJuQktxc0pDbFFiS0s2NDEyMXo1QkJ1ZEpncEdqQTJHNXZndnRIV1IxWHBaa0xFSExn?oc=5"" target=""_blank"">बोले मुजफ्फरनगर: पैदल-वाहन चल पाना दुश्वार, आखिर किससे लगाएं गुहार</a>&nbsp;&nbsp;<font color=""#6f6f6f"">Hindustan</font>",Disaster,hi
"Hurricane Kiko approaches Hawaiian Islands as Category 4 storm, residents on alert - India TV News",https://news.google.com/rss/articles/CBMiqAJBVV95cUxQejVlY1FDRWQyelh1RlBtMXVDbjlMNlctSWxtVE5jVXBobGJvSVgycU5GakdfbFQtNkQtZTJlRW9lYzhTQkVsbTlSZnVfWkJCVk5hc1VWZWd1NzVCWGQ5SG9GNi1peFMyVlkwckNhUVpIZ3ZDLXNFQXh3cVZIT1BWZ01aeGtHdnBFbUt4dXdoTkVjZW9DRWxRbEhJejQ0aXFJMUl0eDJuZE1TV21XZnBrWkg4Z3VmZWJHMGlja3F6RDdheW02cE5nMEdIZVN1dTYzV0tPRU9lTlpRN1RmTklxdzBiMTJBajBuYWhfVzdLOHB6YVhjRlNZZnhQcWVsbEFuVFJXbUpHNS1haXpwWE1xc1NOVXZhZWs2VUpKLVRwaS1YeU5aTmVOONIBrgJBVV95cUxQVHpwbDRSRzhCQTA4OFZZR19ZWm5JRjVxSmJqeEViUU1sakNqYnN6REZYSWp5bl9PWlV4N2tjSmM3ZHJ1M2g5WFBLaW1kNTVrdlhpRUV3Q05VcEJid21mSk5IOEtXaUFHblF4V0pBRG0yczVoTVVBeEI4dWtkZlpObVd0SmV0UkVxS2k5N2h3TV9XUHVGOXhaZG9VclgwSl85aDJUMFhyQU9JenZld3ZCQ3hMZzljejZaYTFPLVFIR20yaVpOY1cwRC1pZkVPeFNoZjNKd1lHdmxlSXJRR1djSHpULXUzLUtCX3lXWUw3T1NjNGwwRjBfSjFfSjQ1X3IxaUZ6bHd3VzBvcVA2YWFLUC1FNi1YOEdnWURoMjc3b3pMQjEzUkJPM29YZTlfdw?oc=5,2025-09-07 07:25:13,India TV News,"<a href=""https://news.google.com/rss/articles/CBMiqAJBVV95cUxQejVlY1FDRWQyelh1RlBtMXVDbjlMNlctSWxtVE5jVXBobGJvSVgycU5GakdfbFQtNkQtZTJlRW9lYzhTQkVsbTlSZnVfWkJCVk5hc1VWZWd1NzVCWGQ5SG9GNi1peFMyVlkwckNhUVpIZ3ZDLXNFQXh3cVZIT1BWZ01aeGtHdnBFbUt4dXdoTkVjZW9DRWxRbEhJejQ0aXFJMUl0eDJuZE1TV21XZnBrWkg4Z3VmZWJHMGlja3F6RDdheW02cE5nMEdIZVN1dTYzV0tPRU9lTlpRN1RmTklxdzBiMTJBajBuYWhfVzdLOHB6YVhjRlNZZnhQcWVsbEFuVFJXbUpHNS1haXpwWE1xc1NOVXZhZWs2VUpKLVRwaS1YeU5aTmVOONIBrgJBVV95cUxQVHpwbDRSRzhCQTA4OFZZR19ZWm5JRjVxSmJqeEViUU1sakNqYnN6REZYSWp5bl9PWlV4N2tjSmM3ZHJ1M2g5WFBLaW1kNTVrdlhpRUV3Q05VcEJid21mSk5IOEtXaUFHblF4V0pBRG0yczVoTVVBeEI4dWtkZlpObVd0SmV0UkVxS2k5N2h3TV9XUHVGOXhaZG9VclgwSl85aDJUMFhyQU9JenZld3ZCQ3hMZzljejZaYTFPLVFIR20yaVpOY1cwRC1pZkVPeFNoZjNKd1lHdmxlSXJRR1djSHpULXUzLUtCX3lXWUw3T1NjNGwwRjBfSjFfSjQ1X3IxaUZ6bHd3VzBvcVA2YWFLUC1FNi1YOEdnWURoMjc3b3pMQjEzUkJPM29YZTlfdw?oc=5"" target=""_blank"">Hurricane Kiko approaches Hawaiian Islands as Category 4 storm, residents on alert</a>&nbsp;&nbsp;<font color=""#6f6f6f"">India TV News</font>",Disaster,en
"IMD Weather Update: Light Rain And Thunderstorms Expected In Delhi, And Eastern Uttar Pradesh - news24online.com",https://news.google.com/rss/articles/CBMiygFBVV95cUxQQVkwMlN4Y1VDRHRSdXUySlkxVGhtQ3l2ZzJYbTZaWUNPWXpscnVYV3c5TWRtaTJheVFkcmpJR1RFTUhvWk1YbW8tRXd4QVZqRGhGa1ZwQzlDbjdnbHpDVWYtejVjYy1DdXVKX1JYZDNEcmNhY205RDBxX25LcC1rVlhfcDNyTWpIMEp1eU5JNE1Wdk1fblBncHd5Nzh5allqcGdJbHNkS1BlOFBORjdUUk9sSlMtR014MVpQNWlBaTRDR0NIdGtNYTVn?oc=5,2025-09-07 08:53:43,news24online.com,"<a href=""https://news.google.com/rss/articles/CBMiygFBVV95cUxQQVkwMlN4Y1VDRHRSdXUySlkxVGhtQ3l2ZzJYbTZaWUNPWXpscnVYV3c5TWRtaTJheVFkcmpJR1RFTUhvWk1YbW8tRXd4QVZqRGhGa1ZwQzlDbjdnbHpDVWYtejVjYy1DdXVKX1JYZDNEcmNhY205RDBxX25LcC1rVlhfcDNyTWpIMEp1eU5JNE1Wdk1fblBncHd5Nzh5allqcGdJbHNkS1BlOFBORjdUUk9sSlMtR014MVpQNWlBaTRDR0NIdGtNYTVn?oc=5"" target=""_blank"">IMD Weather Update: Light Rain And Thunderstorms Expected In Delhi, And Eastern Uttar Pradesh</a>&nbsp;&nbsp;<font color=""#6f6f6f"">news24online.com</font>",Disaster,en
Evening News - Newsonair,https://news.google.com/rss/articles/CBMib0FVX3lxTE9OUUIzN012OUM1Y01idGtfTXR2MFNMUTI1U1BEdElaMzBad0hDSzljcjc0TlhUUmRKRURvd0FaOW5jaERNY2hBNjFFbTFwZHJ6S3dlV0daRHcycDRBU21nZnRjNS1zSVlsUmkyQkJsRQ?oc=5,2025-09-06 18:49:12,Newsonair,"<a href=""https://news.google.com/rss/articles/CBMib0FVX3lxTE9OUUIzN012OUM1Y01idGtfTXR2MFNMUTI1U1BEdElaMzBad0hDSzljcjc0TlhUUmRKRURvd0FaOW5jaERNY2hBNjFFbTFwZHJ6S3dlV0daRHcycDRBU21nZnRjNS1zSVlsUmkyQkJsRQ?oc=5"" target=""_blank"">Evening News</a>&nbsp;&nbsp;<font color=""#6f6f6f"">Newsonair</font>",Disaster,en
"Madhya Pradesh September 6 2025, Weather Update: Heavy Rains On Anant Chaturdashi Across State; 3-Storey House - Free Press Journal",https://news.google.com/rss/articles/CBMimAJBVV95cUxOT1UwYmd1ZnNzMjloWEg0NmZYZmxlRHRVcXBWTzJpWDJqb0FFQUpNVTAwZzdscmRlU0o0ckxSclRWeGc4Zm5sWlYxV05ycUdRYzRIaVVLUlpoUDlmT0t6dEVjR2tZLUFtNElaT1ZyTE15Z2NLWWFTUUVJLWF5eDFmb0toZDBGSUVNams0VTBhcjBfNEpGd3BWaVE4OXR2TVYwZlBJN19RaEVIZGFKREhNWm9ZTG5fVkRtT1U1b2FIZ1R4Wk1PcjMwWDZPZk1xemdtX21vTDU3SzdjRXdaS3Q4OHlIYno5dGlpVHU4VHl4eDdyNXh6V1gzamV2QmhwcTRKWEZ0bkg0cC1pQjlNMVpBUzlyU0RFQ1JD0gGeAkFVX3lxTE8zaGhtakpQY1JBUG0xeUhpdlBXOTY2MkUwLThPX3JLeVp1LUZmNzZESTdYMzVDUm9tM0FoNE1VMWhiUEFYY0JBVk5nbGI3Z3Rpa19tY0dxTi0yLUVMc2dCNmJBQ2lZaV83eGRBcFpuZm1ja2ZwaE9ZcEpreGJhZzJRalJuSGd5bE1YUTZmZ1hrVGIxWVExLWxDMDFONmJwX0s0ZnkwY0lUV3ptRnI5Q2gtN2IyNkNYUUtfSmk2OEw1OFE4YUNpRExDSk0yNzNiTGtpUVVhblNDY0FCOFVPUWJDQTA5SUhKUHdkSEJrbnlCV2NnNWRraWZtTE5JZ3ZkWjUzRXlPWURQZ0hQWFJmcC1SeDRtMmQ0X21sNTk3aWc?oc=5,2025-09-06 11:27:43,Free Press Journal,"<a href=""https://news.google.com/rss/articles/CBMimAJBVV95cUxOT1UwYmd1ZnNzMjloWEg0NmZYZmxlRHRVcXBWTzJpWDJqb0FFQUpNVTAwZzdscmRlU0o0ckxSclRWeGc4Zm5sWlYxV05ycUdRYzRIaVVLUlpoUDlmT0t6dEVjR2tZLUFtNElaT1ZyTE15Z2NLWWFTUUVJLWF5eDFmb0toZDBGSUVNams0VTBhcjBfNEpGd3BWaVE4OXR2TVYwZlBJN19RaEVIZGFKREhNWm9ZTG5fVkRtT1U1b2FIZ1R4Wk1PcjMwWDZPZk1xemdtX21vTDU3SzdjRXdaS3Q4OHlIYno5dGlpVHU4VHl4eDdyNXh6V1gzamV2QmhwcTRKWEZ0bkg0cC1pQjlNMVpBUzlyU0RFQ1JD0gGeAkFVX3lxTE8zaGhtakpQY1JBUG0xeUhpdlBXOTY2MkUwLThPX3JLeVp1LUZmNzZESTdYMzVDUm9tM0FoNE1VMWhiUEFYY0JBVk5nbGI3Z3Rpa19tY0dxTi0yLUVMc2dCNmJBQ2lZaV83eGRBcFpuZm1ja2ZwaE9ZcEpreGJhZzJRalJuSGd5bE1YUTZmZ1hrVGIxWVExLWxDMDFONmJwX0s0ZnkwY0lUV3ptRnI5Q2gtN2IyNkNYUUtfSmk2OEw1OFE4YUNpRExDSk0yNzNiTGtpUVVhblNDY0FCOFVPUWJDQTA5SUhKUHdkSEJrbnlCV2NnNWRraWZtTE5JZ3ZkWjUzRXlPWURQZ0hQWFJmcC1SeDRtMmQ0X21sNTk3aWc?oc=5"" target=""_blank"">Madhya Pradesh September 6 2025, Weather Update: Heavy Rains On Anant Chaturdashi Across State; 3-Storey House</a>&nbsp;&nbsp;<font color=""#6f6f6f"">Free Press Journal</font>",Disaster,en
Morning News - Newsonair,https://news.google.com/rss/articles/CBMib0FVX3lxTE5zOW1EbEU0S1NIN0t4d1ZjN0ZXb29XOVN6dkdoZEozUXp5MnpMM2RkSHE4dXNTNjFpNXBad1BOUFQ4WHh5ejZRVTQ4M0drTlJLVloxT0Zpb3pFbUJ5LVRRRmdLcWJmalZSeU51OVBONA?oc=5,2025-09-06 12:16:44,Newsonair,"<a href=""https://news.google.com/rss/articles/CBMib0FVX3lxTE5zOW1EbEU0S1NIN0t4d1ZjN0ZXb29XOVN6dkdoZEozUXp5MnpMM2RkSHE4dXNTNjFpNXBad1BOUFQ4WHh5ejZRVTQ4M0drTlJLVloxT0Zpb3pFbUJ5LVRRRmdLcWJmalZSeU51OVBONA?oc=5"" target=""_blank"">Morning News</a>&nbsp;&nbsp;<font color=""#6f6f6f"">Newsonair</font>",Disaster,en
"Hurricane Kiko: Deadly storm with 215 km/h winds to hit…, emergency declared in…, weather department issues a - India.Com",https://news.google.com/rss/articles/CBMingJBVV95cUxQMzQxM0ZKb0Y5M3FoWmViSEc0RXZyNUZnNE5QQWo4dnlFNWZ6TkRYYVJ5Y0Z0R2dKbXA5ZXQ5aFlLcnlNX0tHbGV1NThMSnpPcUI5UFAxSW5KTG1pUEhnOFYxdmFrcFBYNlctR3hDR0xiWUVUVW9RQlpTWXA5VkQ4UHN4VE1zbHRRNzRqanVNMmRHLU9xLUwtUl9iVmZLYnFHbkpMVnA5VHdzbFg2dVNITGREYTBLWDFJOElHbEVrQUVyUXJiM1ZyN0Z6dHFKaURJVDFWLUNDd2xPSnFsaDlDekhsalNDVThUNTZMRUVSbndmbkxqM0oxX1ljay10YTk0NW5TX0Q3SF9sdkxUQVpxOEdKQUJ2VTUxUi01TFln0gGjAkFVX3lxTE0yY1Z6T2pXRWNJMzZyVGxTSFY3c05ZSGhCNElEOWxldTQzNUNkNnBCWDV5djZZZGs0czhkSzBnWVlaeUxMaDl3UTIxTHlVVUJra1A5eE56Q3pSc0xma2ZIc0lBaGFveEE1VHhyR2V5cGZJVlZVWFQ0ZTVLSmhRQlpna29nQ1gtYWYyOWZsVmkyOHB5aXlJS1VRNS1OZUtnTU1FNDg3bU94a1VJSFlMRFF0SHZwTXloRm5HWlpYczFCMjJnRF9Qai03Nlp3YkhpYm9IWXFTWGozRmtGU3QycFluMDdoU21Mby1hRXBfQVhaMHdIQVJUbFpnT1RsREZJUmxxai1FVl9DNTgtM2UwaGU2b2JBM0R2bGVaaU11anhCazRFTQ?oc=5,2025-09-07 08:29:00,India.Com,"<a href=""https://news.google.com/rss/articles/CBMingJBVV95cUxQMzQxM0ZKb0Y5M3FoWmViSEc0RXZyNUZnNE5QQWo4dnlFNWZ6TkRYYVJ5Y0Z0R2dKbXA5ZXQ5aFlLcnlNX0tHbGV1NThMSnpPcUI5UFAxSW5KTG1pUEhnOFYxdmFrcFBYNlctR3hDR0xiWUVUVW9RQlpTWXA5VkQ4UHN4VE1zbHRRNzRqanVNMmRHLU9xLUwtUl9iVmZLYnFHbkpMVnA5VHdzbFg2dVNITGREYTBLWDFJOElHbEVrQUVyUXJiM1ZyN0Z6dHFKaURJVDFWLUNDd2xPSnFsaDlDekhsalNDVThUNTZMRUVSbndmbkxqM0oxX1ljay10YTk0NW5TX0Q3SF9sdkxUQVpxOEdKQUJ2VTUxUi01TFln0gGjAkFVX3lxTE0yY1Z6T2pXRWNJMzZyVGxTSFY3c05ZSGhCNElEOWxldTQzNUNkNnBCWDV5djZZZGs0czhkSzBnWVlaeUxMaDl3UTIxTHlVVUJra1A5eE56Q3pSc0xma2ZIc0lBaGFveEE1VHhyR2V5cGZJVlZVWFQ0ZTVLSmhRQlpna29nQ1gtYWYyOWZsVmkyOHB5aXlJS1VRNS1OZUtnTU1FNDg3bU94a1VJSFlMRFF0SHZwTXloRm5HWlpYczFCMjJnRF9Qai03Nlp3YkhpYm9IWXFTWGozRmtGU3QycFluMDdoU21Mby1hRXBfQVhaMHdIQVJUbFpnT1RsREZJUmxxai1FVl9DNTgtM2UwaGU2b2JBM0R2bGVaaU11anhCazRFTQ?oc=5"" target=""_blank"">Hurricane Kiko: Deadly storm with 215 km/h winds to hit…, emergency declared in…, weather department issues a</a>&nbsp;&nbsp;<font color=""#6f6f6f"">India.Com</font>",Disaster,en
What Is Hurricane ‘Kiko’ And how Is It Impacting Hawaii As It Approaches As A Category 4 Storm? - news24online.com,https://news.google.com/rss/articles/CBMixgFBVV95cUxORV9YdEt1dlJqaWxJalBuWThVU1drU3JwV0xxNzI0YzJtdUMtdzhybFBSaDZwdkxhQUZZSGVfMDQyX1NpNmhTejNIbFVkcDV5RUFoS3VVZGl3bjJ0QVhMREo0M3A4ckgwUjc0Q0tBal9VUmwyNWpMcGZrTExjZzBacEZVa3hQeEVfOFJDM0pMcXBpSEFRaVhnaFdDZGV0Q0pSYkxrcWhJdEdEc25FNU9DYTZHaE51dTRJeHRrd2cwTlloZFI3cXc?oc=5,2025-09-07 08:38:55,news24online.com,"<a href=""https://news.google.com/rss/articles/CBMixgFBVV95cUxORV9YdEt1dlJqaWxJalBuWThVU1drU3JwV0xxNzI0YzJtdUMtdzhybFBSaDZwdkxhQUZZSGVfMDQyX1NpNmhTejNIbFVkcDV5RUFoS3VVZGl3bjJ0QVhMREo0M3A4ckgwUjc0Q0tBal9VUmwyNWpMcGZrTExjZzBacEZVa3hQeEVfOFJDM0pMcXBpSEFRaVhnaFdDZGV0Q0pSYkxrcWhJdEdEc25FNU9DYTZHaE51dTRJeHRrd2cwTlloZFI3cXc?oc=5"" target=""_blank"">What Is Hurricane ‘Kiko’ And how Is It Impacting Hawaii As It Approaches As A Category 4 Storm?</a>&nbsp;&nbsp;<font color=""#6f6f6f"">news24online.com</font>",Disaster,en
Evening News - Newsonair,https://news.google.com/rss/articles/CBMib0FVX3lxTE51UWg1am1WQ1d0NXRxQ1AxMl8zc0JyUnM0cUwwREFMZ0Q3LUt5N1EzMUpzWDlrcGVUMmpVWnRldExpOGUxNjlxMnpaOUcxVXVVNmQwWlhKYTg3dmRLZ3ZaVm5fM1Z6Z1IzNjE5ZUZYdw?oc=5,2025-09-06 12:22:24,Newsonair,"<a href=""https://news.google.com/rss/articles/CBMib0FVX3lxTE51UWg1am1WQ1d0NXRxQ1AxMl8zc0JyUnM0cUwwREFMZ0Q3LUt5N1EzMUpzWDlrcGVUMmpVWnRldExpOGUxNjlxMnpaOUcxVXVVNmQwWlhKYTg3dmRLZ3ZaVm5fM1Z6Z1IzNjE5ZUZYdw?oc=5"" target=""_blank"">Evening News</a>&nbsp;&nbsp;<font color=""#6f6f6f"">Newsonair</font>",Disaster,en
Morning News - Newsonair,https://news.google.com/rss/articles/CBMicEFVX3lxTE9lU2pkZ05WUGk5YmlMcUZCRUFjeXAzS2hxYWQyRDFzNl8xcDU4NEFidkdKVU9udUpBcnBoRU41UEZNa0g2VUNZZnRCTUZSSHF4TWpkMjlZeTRDakg2VWg0aE54d0h2dktRaVBMNzYydHM?oc=5,2025-09-06 20:21:41,Newsonair,"<a href=""https://news.google.com/rss/articles/CBMicEFVX3lxTE9lU2pkZ05WUGk5YmlMcUZCRUFjeXAzS2hxYWQyRDFzNl8xcDU4NEFidkdKVU9udUpBcnBoRU41UEZNa0g2VUNZZnRCTUZSSHF4TWpkMjlZeTRDakg2VWg0aE54d0h2dktRaVBMNzYydHM?oc=5"" target=""_blank"">Morning News</a>&nbsp;&nbsp;<font color=""#6f6f6f"">Newsonair</font>",Disaster,en
