Title,Link,Date,Source,Summary,Term,LanguageQueried
"यूपी-दिल्ली समेत इन राज्यों में भीषण ठंड का अलर्ट, पश्चिमी विक्षोभ की वजह से बारिश बढ़ाएगी मुसीबत - Hindustan",https://news.google.com/rss/articles/CBMi4gFBVV95cUxOUmx3TjlRYUFJWGVySFVhR1kwWWNlYmhKLXlIX3RzSjYtQnp2eUNNTkdJSHg5SFNyNWlWYVJBZ0tQOE52RTQyX20zblhVZEtzbkRGRkk5QTB2LUhFUVAzS2xLYWhGVVVZSGJDZEdQVFpsU2x0UUZPX1EtaHUxQWlSQWROZzhvYnpMM3Q1WmFPMHdac0VoNEVVRjdFVTdPX1RpUjJ2LVI1NmJ0TXNQajl1SjJOdy1OckNUMzhQOFlYX3dJbzE2SXVMYU4zSGJocjhVOC1ubXA3MFd5TkRuWC1GVFN30gHiAUFVX3lxTE5SbHdOOVFhQUlYZXJIVWFHWTBZY2ViaEoteUhfdHNKNi1CenZ5Q01OR0lIeDlIU3I1aVZhUkFnS1A4TnZFNDJfbTNuWFVkS3NuREZGSTlBMHYtSEVRUDNLbEthaEZVVVlIYkNkR1BUWmxTbHRRRk9fUS1odTFBaVJBZE5nOG9iekwzdDVaYU8wd1pzRWg0RVVGN0VVN09fVGlSMnYtUjU2YnRNc1BqOXVKMk53LU5yQ1QzOFA4WVhfd0lvMTZJdUxhTjNIYmhyOFU4LW5tcDcwV3lORG5YLUZUU3c?oc=5,2025-12-19 08:15:17,Hindustan,"<a href=""https://news.google.com/rss/articles/CBMi4gFBVV95cUxOUmx3TjlRYUFJWGVySFVhR1kwWWNlYmhKLXlIX3RzSjYtQnp2eUNNTkdJSHg5SFNyNWlWYVJBZ0tQOE52RTQyX20zblhVZEtzbkRGRkk5QTB2LUhFUVAzS2xLYWhGVVVZSGJDZEdQVFpsU2x0UUZPX1EtaHUxQWlSQWROZzhvYnpMM3Q1WmFPMHdac0VoNEVVRjdFVTdPX1RpUjJ2LVI1NmJ0TXNQajl1SjJOdy1OckNUMzhQOFlYX3dJbzE2SXVMYU4zSGJocjhVOC1ubXA3MFd5TkRuWC1GVFN30gHiAUFVX3lxTE5SbHdOOVFhQUlYZXJIVWFHWTBZY2ViaEoteUhfdHNKNi1CenZ5Q01OR0lIeDlIU3I1aVZhUkFnS1A4TnZFNDJfbTNuWFVkS3NuREZGSTlBMHYtSEVRUDNLbEthaEZVVVlIYkNkR1BUWmxTbHRRRk9fUS1odTFBaVJBZE5nOG9iekwzdDVaYU8wd1pzRWg0RVVGN0VVN09fVGlSMnYtUjU2YnRNc1BqOXVKMk53LU5yQ1QzOFA4WVhfd0lvMTZJdUxhTjNIYmhyOFU4LW5tcDcwV3lORG5YLUZUU3c?oc=5"" target=""_blank"">यूपी-दिल्ली समेत इन राज्यों में भीषण ठंड का अलर्ट, पश्चिमी विक्षोभ की वजह से बारिश बढ़ाएगी मुसीबत</a>&nbsp;&nbsp;<font color=""#6f6f6f"">Hindustan</font>",Disaster,hi
"Aaj ka Mausam 19 December 2025 LIVE: उत्तर भारत पर कोहरे और शीतलहर का डबल अटैक,कई राज्यों में अलर्ट; जानें आज का वेदर अपडेट - Times Now Navbharat",https://news.google.com/rss/articles/CBMi9gJBVV95cUxOVkNHbm9NY3VsQ05vZjM5dld4ZFBCTGdlOXNoRzR4WkZkclAya1hhRE5nM21IZDdPY2djUlFhR3dWXzZyQnREdkpITjM2X1FDUVNrdmY0WTlSRWVjZXZ0UTFjbG5Rby1qVmZ6UHhqb3dVX3VzLXhkUXNYYlpPSURrdUpzWHU1OFJDcm9XNmNFVE1RcGJnTl9idldkeTJUOS12aTBYWkdfbjdNellJbmVDZUxBZFU2aXB0eUhnRTRxNFhFRllYOVdmd0NpUkRnOUpnLTNaU0wxUHdDRGFRMzhGMFJCYmE5UmlvWGE0RHpfbFplQlo4MmRJelRVUFdOZWx6TlpZZHNYU0NFLWdaS1FWU1dVc05IQkxNbnl3Q3JhTTJ6eldLUnVUa0pCbWwwaDZ1V0F0aUNVMlBUX3Y3NWp2SnpSVDNGUjcwcUx4QkFyREVYWnNGZmpQa2V0eFhUOGtWVndGRHhSXzRjbHhjY3ZJZ2lacUJnZ9IB-wJBVV95cUxNVGdQM1RmU09BVUpmTWpubUVVSW45T0JwS1g5elFWYm5NVGIzdTJVTW1UZURMN1JkVkNhX3lTZG9RN2w1Ylc2MHFNNWJJV0ZsMFlORTc3dDFUX3Bib0tPaFNoZEVDWWhzRlhYWVdoY0YyYnJXYXktLTJMOGZ3VTVVcEZpU1lLbEpUNVhWblNmb0FUSElCRlZLUFBBNnNGcXRPdml2bS1YT0dGY3VUMlRsNHRXdHdET2FvX014eG85R2p1c3RabUs4dkhJVzBjZVUwb1RpbFFXZVpSVURiY04xaUxTcEg2Ml8zMXYzY3ZEVmNPOGVZQzRZMnRpckw2aUVWSXRPX3hYaFNvRzVwM28wVWkyWjRxU1FzMnZ6WmxBSXVNdjJZdWt1aVRiVWRCaWp3VDh3eWJqamdhZTJ4cGtMc19uLThEZzZjUFBIOElTeVkzOW54SEN5U1lfNS1NTERQVG9UUXBSbk1DTEl0bzZvZEpXaGR5ckhfZTlr?oc=5,2025-12-19 05:44:30,Times Now Navbharat,"<a href=""https://news.google.com/rss/articles/CBMi9gJBVV95cUxOVkNHbm9NY3VsQ05vZjM5dld4ZFBCTGdlOXNoRzR4WkZkclAya1hhRE5nM21IZDdPY2djUlFhR3dWXzZyQnREdkpITjM2X1FDUVNrdmY0WTlSRWVjZXZ0UTFjbG5Rby1qVmZ6UHhqb3dVX3VzLXhkUXNYYlpPSURrdUpzWHU1OFJDcm9XNmNFVE1RcGJnTl9idldkeTJUOS12aTBYWkdfbjdNellJbmVDZUxBZFU2aXB0eUhnRTRxNFhFRllYOVdmd0NpUkRnOUpnLTNaU0wxUHdDRGFRMzhGMFJCYmE5UmlvWGE0RHpfbFplQlo4MmRJelRVUFdOZWx6TlpZZHNYU0NFLWdaS1FWU1dVc05IQkxNbnl3Q3JhTTJ6eldLUnVUa0pCbWwwaDZ1V0F0aUNVMlBUX3Y3NWp2SnpSVDNGUjcwcUx4QkFyREVYWnNGZmpQa2V0eFhUOGtWVndGRHhSXzRjbHhjY3ZJZ2lacUJnZ9IB-wJBVV95cUxNVGdQM1RmU09BVUpmTWpubUVVSW45T0JwS1g5elFWYm5NVGIzdTJVTW1UZURMN1JkVkNhX3lTZG9RN2w1Ylc2MHFNNWJJV0ZsMFlORTc3dDFUX3Bib0tPaFNoZEVDWWhzRlhYWVdoY0YyYnJXYXktLTJMOGZ3VTVVcEZpU1lLbEpUNVhWblNmb0FUSElCRlZLUFBBNnNGcXRPdml2bS1YT0dGY3VUMlRsNHRXdHdET2FvX014eG85R2p1c3RabUs4dkhJVzBjZVUwb1RpbFFXZVpSVURiY04xaUxTcEg2Ml8zMXYzY3ZEVmNPOGVZQzRZMnRpckw2aUVWSXRPX3hYaFNvRzVwM28wVWkyWjRxU1FzMnZ6WmxBSXVNdjJZdWt1aVRiVWRCaWp3VDh3eWJqamdhZTJ4cGtMc19uLThEZzZjUFBIOElTeVkzOW54SEN5U1lfNS1NTERQVG9UUXBSbk1DTEl0bzZvZEpXaGR5ckhfZTlr?oc=5"" target=""_blank"">Aaj ka Mausam 19 December 2025 LIVE: उत्तर भारत पर कोहरे और शीतलहर का डबल अटैक,कई राज्यों में अलर्ट; जानें आज का वेदर अपडेट</a>&nbsp;&nbsp;<font color=""#6f6f6f"">Times Now Navbharat</font>",Disaster,hi
"'भूल भुलैया' के बाहर हिट तलाशते कार्तिक, सामने 'धुरंधर' का तूफान, 'तू मेरी मैं तेरा...' के ट्रेलर पर टिकी आस - AajTak",https://news.google.com/rss/articles/CBMi8gFBVV95cUxOSDAwM1lYZW9uRUwya3NHRG9valZwbFJ2Zjd6cE1yY2lkZlpaWWtwbk9MODMwX1Z5TWJEMHpicEo4NUlyZU9KbFBZYmMwemVCTVBNMnhkYXI1dFN6bkRfWHZCYl94TC1uMkgzb3Y3cWJTdVRfNVFNc1Y0ZFJJTnF3YmRLSmpaZG10YVpyRE9oU1RYM2VqN29MaElMOHJNUVh4aFFia003UUFCa19sQm9JRDh5RUd5U0JOMTZ2S1B4eXVhTGhIUUx0NFFYSi1zZ3pHQ29qM2hxOVZFMFNpS0Z5RktZQTJrY3dVTF8yS2tUZldSQdIB9wFBVV95cUxNT0FDUldfdTZuLUpETGFmMHduUGgzLVM1eG5XTjdxSXh5Nm04R1hQTU5lM0pJb19zRm5ZV1RHc0tTdEZZR1F0QVVON0k3NzVFNkdOcGh4SnNrVlhMMzlkRzZVdWd1MWU5SDFUX0VaMG1wLUYwZktaYmpFWUJnVEdPTU43TXpMTVd4b2Z2bnV4WVZvdDZsdDB5b29Mdk5LMEp1Ukp1VDZvV3hMX1VaZzhfOVhBRFdTeElrLW1MMk13SjBWa2FOV3BCVzBlSW4xakZnMDdGd1FtY0xUeGMyTTZUcVh2dkVha2d6MGd3R1duSUtWZ1haeWpv?oc=5,2025-12-18 18:00:05,AajTak,"<a href=""https://news.google.com/rss/articles/CBMi8gFBVV95cUxOSDAwM1lYZW9uRUwya3NHRG9valZwbFJ2Zjd6cE1yY2lkZlpaWWtwbk9MODMwX1Z5TWJEMHpicEo4NUlyZU9KbFBZYmMwemVCTVBNMnhkYXI1dFN6bkRfWHZCYl94TC1uMkgzb3Y3cWJTdVRfNVFNc1Y0ZFJJTnF3YmRLSmpaZG10YVpyRE9oU1RYM2VqN29MaElMOHJNUVh4aFFia003UUFCa19sQm9JRDh5RUd5U0JOMTZ2S1B4eXVhTGhIUUx0NFFYSi1zZ3pHQ29qM2hxOVZFMFNpS0Z5RktZQTJrY3dVTF8yS2tUZldSQdIB9wFBVV95cUxNT0FDUldfdTZuLUpETGFmMHduUGgzLVM1eG5XTjdxSXh5Nm04R1hQTU5lM0pJb19zRm5ZV1RHc0tTdEZZR1F0QVVON0k3NzVFNkdOcGh4SnNrVlhMMzlkRzZVdWd1MWU5SDFUX0VaMG1wLUYwZktaYmpFWUJnVEdPTU43TXpMTVd4b2Z2bnV4WVZvdDZsdDB5b29Mdk5LMEp1Ukp1VDZvV3hMX1VaZzhfOVhBRFdTeElrLW1MMk13SjBWa2FOV3BCVzBlSW4xakZnMDdGd1FtY0xUeGMyTTZUcVh2dkVha2d6MGd3R1duSUtWZ1haeWpv?oc=5"" target=""_blank"">'भूल भुलैया' के बाहर हिट तलाशते कार्तिक, सामने 'धुरंधर' का तूफान, 'तू मेरी मैं तेरा...' के ट्रेलर पर टिकी आस</a>&nbsp;&nbsp;<font color=""#6f6f6f"">AajTak</font>",Disaster,hi
अब दस से तीन बजे तक खुलेंगे स्कूल - Hindustan,https://news.google.com/rss/articles/CBMi3gFBVV95cUxQTWxRa29ENzRxdTV5VGdzelBkZ1JPd3p5T1FNaFBCdlBQOU93S0VqaFpkeFlZamNZWGx0YXRYSl91Z3NNc3RDdjVLYkluR3R3cUNYY1N3MnN1TkJiX3dPUkJlekItdmc1REpPVkJFUWxSbnMxRGVmbWY2VnJMeldhWmNwWGc4dC02bzhTemtwdHdmb1RtWHZvTV92S2RJbWtaME1yUzI0WVo1ejlocnUyMklBNm5vdlQ1bE1FVVZMV3VrcU1yMEUwbTRrUE5IU2JmcUJVc1NrQXptNXQ4Y3fSAd4BQVVfeXFMUE1sUWtvRDc0cXU1eVRnc3pQZGdST3d6eU9RTWhQQnZQUDlPd0tFamhaZHhZWWpjWVhsdGF0WEpfdWdzTXN0Q3Y1S2JJbkd0d3FDWGNTdzJzdU5CYl93T1JCZXpCLXZnNURKT1ZCRVFsUm5zMURlZm1mNlZyTHpXYVpjcFhnOHQtNm84U3prcHR3Zm9UbVh2b01fdktkSW1rWjBNclMyNFlaNXo5aHJ1MjJJQTZub3ZUNWxNRVVWTFd1a3FNcjBFMG00a1BOSFNiZnFCVXNTa0F6bTV0OGN3?oc=5,2025-12-18 22:56:40,Hindustan,"<a href=""https://news.google.com/rss/articles/CBMi3gFBVV95cUxQTWxRa29ENzRxdTV5VGdzelBkZ1JPd3p5T1FNaFBCdlBQOU93S0VqaFpkeFlZamNZWGx0YXRYSl91Z3NNc3RDdjVLYkluR3R3cUNYY1N3MnN1TkJiX3dPUkJlekItdmc1REpPVkJFUWxSbnMxRGVmbWY2VnJMeldhWmNwWGc4dC02bzhTemtwdHdmb1RtWHZvTV92S2RJbWtaME1yUzI0WVo1ejlocnUyMklBNm5vdlQ1bE1FVVZMV3VrcU1yMEUwbTRrUE5IU2JmcUJVc1NrQXptNXQ4Y3fSAd4BQVVfeXFMUE1sUWtvRDc0cXU1eVRnc3pQZGdST3d6eU9RTWhQQnZQUDlPd0tFamhaZHhZWWpjWVhsdGF0WEpfdWdzTXN0Q3Y1S2JJbkd0d3FDWGNTdzJzdU5CYl93T1JCZXpCLXZnNURKT1ZCRVFsUm5zMURlZm1mNlZyTHpXYVpjcFhnOHQtNm84U3prcHR3Zm9UbVh2b01fdktkSW1rWjBNclMyNFlaNXo5aHJ1MjJJQTZub3ZUNWxNRVVWTFd1a3FNcjBFMG00a1BOSFNiZnFCVXNTa0F6bTV0OGN3?oc=5"" target=""_blank"">अब दस से तीन बजे तक खुलेंगे स्कूल</a>&nbsp;&nbsp;<font color=""#6f6f6f"">Hindustan</font>",Disaster,hi
UP Weather: यूपी के 6 शहरों में दृश्यता शून्य; भीषण सर्दी और घने कोहरे का अलर्ट - Hindustan,https://news.google.com/rss/articles/CBMi1gFBVV95cUxQcW1sVFZ1czd5R1BsZmFRZExCMVM3bzEycDl6ZlNQdWlIb0U3MWRYeGsxUlBsUWtiVmdnbnFmVW1zZXN0LWJuTG1VX3NCX0h3QXZvQjBHX1d0VXhPdzA0V3VIVnVSRDBEd0RRaWQ0QnhqeVpVZU5IdzR6LThMT3ZramNFZHlkNGxiSGdzaUpacjViSmJMZVd1dC1RdnJiNlZXNUdlSlV0dkdBRTZvLTBmY2gxS0NuTk1icUpfQzBkNHdDaENfQWJydFJKUVhURmFtTkhtZnVn0gHWAUFVX3lxTFBxbWxUVnVzN3lHUGxmYVFkTEIxUzdvMTJwOXpmU1B1aUhvRTcxZFh4azFSUGxRa2JWZ2ducWZVbXNlc3QtYm5MbVVfc0JfSHdBdm9CMEdfV3RVeE93MDRXdUhWdVJEMER3RFFpZDRCeGp5WlVlTkh3NHotOExPdmtqY0VkeWQ0bGJIZ3NpSlpyNWJKYkxlV3V0LVF2cmI2Vlc1R2VKVXR2R0FFNm8tMGZjaDFLQ25OTWJxSl9DMGQ0d0NoQ19BYnJ0UkpRWFRGYW1OSG1mdWc?oc=5,2025-12-18 21:10:09,Hindustan,"<a href=""https://news.google.com/rss/articles/CBMi1gFBVV95cUxQcW1sVFZ1czd5R1BsZmFRZExCMVM3bzEycDl6ZlNQdWlIb0U3MWRYeGsxUlBsUWtiVmdnbnFmVW1zZXN0LWJuTG1VX3NCX0h3QXZvQjBHX1d0VXhPdzA0V3VIVnVSRDBEd0RRaWQ0QnhqeVpVZU5IdzR6LThMT3ZramNFZHlkNGxiSGdzaUpacjViSmJMZVd1dC1RdnJiNlZXNUdlSlV0dkdBRTZvLTBmY2gxS0NuTk1icUpfQzBkNHdDaENfQWJydFJKUVhURmFtTkhtZnVn0gHWAUFVX3lxTFBxbWxUVnVzN3lHUGxmYVFkTEIxUzdvMTJwOXpmU1B1aUhvRTcxZFh4azFSUGxRa2JWZ2ducWZVbXNlc3QtYm5MbVVfc0JfSHdBdm9CMEdfV3RVeE93MDRXdUhWdVJEMER3RFFpZDRCeGp5WlVlTkh3NHotOExPdmtqY0VkeWQ0bGJIZ3NpSlpyNWJKYkxlV3V0LVF2cmI2Vlc1R2VKVXR2R0FFNm8tMGZjaDFLQ25OTWJxSl9DMGQ0d0NoQ19BYnJ0UkpRWFRGYW1OSG1mdWc?oc=5"" target=""_blank"">UP Weather: यूपी के 6 शहरों में दृश्यता शून्य; भीषण सर्दी और घने कोहरे का अलर्ट</a>&nbsp;&nbsp;<font color=""#6f6f6f"">Hindustan</font>",Disaster,hi
"कोहरे की चादर में लिपटा शहर, गलन से जनजीवन ठिठुरा - Hindustan",https://news.google.com/rss/articles/CBMi6wFBVV95cUxPQjkyUTVmY29PdHNleFJmZ3pfcXZidDdJbFBSRGtCYUVkYk5yNFM3QTZxV2RDaTdiSWxZd1RPX01qZGhzU0x5cE1leG5KRDZhWTUwY3JDc3NMc1pzZ1Y5U0NxVDlSSDNXSDgzNlhSNHVKcnpOS0prU2dKQWEwSURSc0U0Q054MDJqaEo3Vzd0Si10Z1lZNzI1cTZOdkhMcUppMUI2V2JwMVNkQmtON3Q4djJRNkFCTGd4bnlSRlEtYjVlV2V1ZUhETmVCb0NiQ2pYNXJfdlp4RWNCUUNvVG9lSzEySnJhRkNibjBn0gHrAUFVX3lxTE9COTJRNWZjb090c2V4UmZnel9xdmJ0N0lsUFJEa0JhRWRiTnI0UzdBNnFXZENpN2JJbFl3VE9fTWpkaHNTTHlwTWV4bkpENmFZNTBjckNzc0xzWnNnVjlTQ3FUOVJIM1dIODM2WFI0dUpyek5LSmtTZ0pBYTBJRFJzRTRDTngwMmpoSjdXN3RKLXRnWVk3MjVxNk52SExxSmkxQjZXYnAxU2RCa043dDh2MlE2QUJMZ3hueVJGUS1iNWVXZXVlSEROZUJvQ2JDalg1cl92WnhFY0JRQ29Ub2VLMTJKcmFGQ2JuMGc?oc=5,2025-12-19 01:25:36,Hindustan,"<a href=""https://news.google.com/rss/articles/CBMi6wFBVV95cUxPQjkyUTVmY29PdHNleFJmZ3pfcXZidDdJbFBSRGtCYUVkYk5yNFM3QTZxV2RDaTdiSWxZd1RPX01qZGhzU0x5cE1leG5KRDZhWTUwY3JDc3NMc1pzZ1Y5U0NxVDlSSDNXSDgzNlhSNHVKcnpOS0prU2dKQWEwSURSc0U0Q054MDJqaEo3Vzd0Si10Z1lZNzI1cTZOdkhMcUppMUI2V2JwMVNkQmtON3Q4djJRNkFCTGd4bnlSRlEtYjVlV2V1ZUhETmVCb0NiQ2pYNXJfdlp4RWNCUUNvVG9lSzEySnJhRkNibjBn0gHrAUFVX3lxTE9COTJRNWZjb090c2V4UmZnel9xdmJ0N0lsUFJEa0JhRWRiTnI0UzdBNnFXZENpN2JJbFl3VE9fTWpkaHNTTHlwTWV4bkpENmFZNTBjckNzc0xzWnNnVjlTQ3FUOVJIM1dIODM2WFI0dUpyek5LSmtTZ0pBYTBJRFJzRTRDTngwMmpoSjdXN3RKLXRnWVk3MjVxNk52SExxSmkxQjZXYnAxU2RCa043dDh2MlE2QUJMZ3hueVJGUS1iNWVXZXVlSEROZUJvQ2JDalg1cl92WnhFY0JRQ29Ub2VLMTJKcmFGQ2JuMGc?oc=5"" target=""_blank"">कोहरे की चादर में लिपटा शहर, गलन से जनजीवन ठिठुरा</a>&nbsp;&nbsp;<font color=""#6f6f6f"">Hindustan</font>",Disaster,hi
सार्वजनिक स्थल पर व्यापार मंडल ने की अलाव की मांग - Hindustan,https://news.google.com/rss/articles/CBMi1gFBVV95cUxQN2JXejQ1SGRoTnJQeHFMMFBBcExmYzNxbUhzdU5GZU40M2ozUTk4SnRIbzVzWkM1el8xNk1WRGtLTzg4Q1EzUFBXWjlSeTVJX2RqOHNtNmNyek5FX0FKZVNnaE10MU5URFp4U0dJMVl3RXctRlJQZEF0S1BYM3c1dVRJdndGUFlyUC1hNmFqRFNfaDUtaWpDaFhOWmFWOEw0Qm9TUHdLVElHVUJVaE9LY0dmSEVhRmwtTy1rUGFENTJmMG9ua1VnZ2VLTXJNTktTaXA3b3Jn0gHWAUFVX3lxTFA3Yld6NDVIZGhOclB4cUwwUEFwTGZjM3FtSHN1TkZlTjQzajNROThKdEhvNXNaQzV6XzE2TVZEa0tPODhDUTNQUFdaOVJ5NUlfZGo4c202Y3J6TkVfQUplU2doTXQxTlREWnhTR0kxWXdFdy1GUlBkQXRLUFgzdzV1VEl2d0ZQWXJQLWE2YWpEU19oNS1pakNoWE5aYVY4TDRCb1NQd0tUSUdVQlVoT0tjR2ZIRWFGbC1PLWtQYUQ1MmYwb25rVWdnZUtNck1OS1NpcDdvcmc?oc=5,2025-12-18 22:36:46,Hindustan,"<a href=""https://news.google.com/rss/articles/CBMi1gFBVV95cUxQN2JXejQ1SGRoTnJQeHFMMFBBcExmYzNxbUhzdU5GZU40M2ozUTk4SnRIbzVzWkM1el8xNk1WRGtLTzg4Q1EzUFBXWjlSeTVJX2RqOHNtNmNyek5FX0FKZVNnaE10MU5URFp4U0dJMVl3RXctRlJQZEF0S1BYM3c1dVRJdndGUFlyUC1hNmFqRFNfaDUtaWpDaFhOWmFWOEw0Qm9TUHdLVElHVUJVaE9LY0dmSEVhRmwtTy1rUGFENTJmMG9ua1VnZ2VLTXJNTktTaXA3b3Jn0gHWAUFVX3lxTFA3Yld6NDVIZGhOclB4cUwwUEFwTGZjM3FtSHN1TkZlTjQzajNROThKdEhvNXNaQzV6XzE2TVZEa0tPODhDUTNQUFdaOVJ5NUlfZGo4c202Y3J6TkVfQUplU2doTXQxTlREWnhTR0kxWXdFdy1GUlBkQXRLUFgzdzV1VEl2d0ZQWXJQLWE2YWpEU19oNS1pakNoWE5aYVY4TDRCb1NQd0tUSUdVQlVoT0tjR2ZIRWFGbC1PLWtQYUQ1MmYwb25rVWdnZUtNck1OS1NpcDdvcmc?oc=5"" target=""_blank"">सार्वजनिक स्थल पर व्यापार मंडल ने की अलाव की मांग</a>&nbsp;&nbsp;<font color=""#6f6f6f"">Hindustan</font>",Disaster,hi
ट्रक की टक्कर से ई-रिक्शा चालक घायल - Hindustan,https://news.google.com/rss/articles/CBMi8AFBVV95cUxPdjNuZ3J3UmMtWm9EcnlWTnlBWEp0SUxTQnB3MzFEcFFhUld5ZFk3QWo5bDJlZHRVNENuUGtWUUhuazVTM3gtb0lab1pPcXZwZG1xWXRYbWJGcjgxeGhWelVFSlFmUS02R1A1QVBYRERfRjJ1UUdkWi1MOXVvWUVKTjBob1N2aGNtQmZSa01USHliOEEyTGh3c0hDd2dGWXR1UE1KbUxHQnNmV1Q4VGpULVZJMzFkRVRpUWM4cWJleHV6QjJCWk1UdF91c1VRVDg0OWRGTzBLZUpUSkg5Z0dwZktVZWRkVnc0dVJsZV94RGPSAfABQVVfeXFMT3Yzbmdyd1JjLVpvRHJ5Vk55QVhKdElMU0JwdzMxRHBRYVJXeWRZN0FqOWwyZWR0VTRDblBrVlFIbms1UzN4LW9JWm9aT3F2cGRtcVl0WG1iRnI4MXhoVnpVRUpRZlEtNkdQNUFQWEREX0YydVFHZFotTDl1b1lFSk4waG9TdmhjbUJmUmtNVEh5YjhBMkxod3NIQ3dnRll0dVBNSm1MR0JzZldUOFRqVC1WSTMxZEVUaVFjOHFiZXh1ekIyQlpNVHRfdXNVUVQ4NDlkRk8wS2VKVEpIOWdHcGZLVWVkZFZ3NHVSbGVfeERj?oc=5,2025-12-18 23:35:09,Hindustan,"<a href=""https://news.google.com/rss/articles/CBMi8AFBVV95cUxPdjNuZ3J3UmMtWm9EcnlWTnlBWEp0SUxTQnB3MzFEcFFhUld5ZFk3QWo5bDJlZHRVNENuUGtWUUhuazVTM3gtb0lab1pPcXZwZG1xWXRYbWJGcjgxeGhWelVFSlFmUS02R1A1QVBYRERfRjJ1UUdkWi1MOXVvWUVKTjBob1N2aGNtQmZSa01USHliOEEyTGh3c0hDd2dGWXR1UE1KbUxHQnNmV1Q4VGpULVZJMzFkRVRpUWM4cWJleHV6QjJCWk1UdF91c1VRVDg0OWRGTzBLZUpUSkg5Z0dwZktVZWRkVnc0dVJsZV94RGPSAfABQVVfeXFMT3Yzbmdyd1JjLVpvRHJ5Vk55QVhKdElMU0JwdzMxRHBRYVJXeWRZN0FqOWwyZWR0VTRDblBrVlFIbms1UzN4LW9JWm9aT3F2cGRtcVl0WG1iRnI4MXhoVnpVRUpRZlEtNkdQNUFQWEREX0YydVFHZFotTDl1b1lFSk4waG9TdmhjbUJmUmtNVEh5YjhBMkxod3NIQ3dnRll0dVBNSm1MR0JzZldUOFRqVC1WSTMxZEVUaVFjOHFiZXh1ekIyQlpNVHRfdXNVUVQ4NDlkRk8wS2VKVEpIOWdHcGZLVWVkZFZ3NHVSbGVfeERj?oc=5"" target=""_blank"">ट्रक की टक्कर से ई-रिक्शा चालक घायल</a>&nbsp;&nbsp;<font color=""#6f6f6f"">Hindustan</font>",Disaster,hi
कड़ाके की सर्दी में अलाव की कमी से परेशान - Hindustan,https://news.google.com/rss/articles/CBMi2gFBVV95cUxNcUM5NGJLdXlINkY0c1Q5Qk82dkpaY0h4N1YtX0hrNGs2YWZGa1VLTzNyRmhEZGRsN1BBbS1tekEtTlRMMEhMdC16aEFTWk1ranVWMXkwbTl3OTQ4QnlMYzNHaVFzQlNhMkRFN01hNk5feUpTN3JWSklTd1l3Q3VlMVhjU002bThDRUJhM3BSMFBuV3ltdS1kb0VrSkhDMUxfMV9nWUtZbW1JUzRtcERoN0NCTFN2Y3pSdldJd2JXNXhsMm1XemZlc0ZxVWVHeFBVRDlsRkR5MnBxZ9IB2gFBVV95cUxNcUM5NGJLdXlINkY0c1Q5Qk82dkpaY0h4N1YtX0hrNGs2YWZGa1VLTzNyRmhEZGRsN1BBbS1tekEtTlRMMEhMdC16aEFTWk1ranVWMXkwbTl3OTQ4QnlMYzNHaVFzQlNhMkRFN01hNk5feUpTN3JWSklTd1l3Q3VlMVhjU002bThDRUJhM3BSMFBuV3ltdS1kb0VrSkhDMUxfMV9nWUtZbW1JUzRtcERoN0NCTFN2Y3pSdldJd2JXNXhsMm1XemZlc0ZxVWVHeFBVRDlsRkR5MnBxZw?oc=5,2025-12-19 00:03:42,Hindustan,"<a href=""https://news.google.com/rss/articles/CBMi2gFBVV95cUxNcUM5NGJLdXlINkY0c1Q5Qk82dkpaY0h4N1YtX0hrNGs2YWZGa1VLTzNyRmhEZGRsN1BBbS1tekEtTlRMMEhMdC16aEFTWk1ranVWMXkwbTl3OTQ4QnlMYzNHaVFzQlNhMkRFN01hNk5feUpTN3JWSklTd1l3Q3VlMVhjU002bThDRUJhM3BSMFBuV3ltdS1kb0VrSkhDMUxfMV9nWUtZbW1JUzRtcERoN0NCTFN2Y3pSdldJd2JXNXhsMm1XemZlc0ZxVWVHeFBVRDlsRkR5MnBxZ9IB2gFBVV95cUxNcUM5NGJLdXlINkY0c1Q5Qk82dkpaY0h4N1YtX0hrNGs2YWZGa1VLTzNyRmhEZGRsN1BBbS1tekEtTlRMMEhMdC16aEFTWk1ranVWMXkwbTl3OTQ4QnlMYzNHaVFzQlNhMkRFN01hNk5feUpTN3JWSklTd1l3Q3VlMVhjU002bThDRUJhM3BSMFBuV3ltdS1kb0VrSkhDMUxfMV9nWUtZbW1JUzRtcERoN0NCTFN2Y3pSdldJd2JXNXhsMm1XemZlc0ZxVWVHeFBVRDlsRkR5MnBxZw?oc=5"" target=""_blank"">कड़ाके की सर्दी में अलाव की कमी से परेशान</a>&nbsp;&nbsp;<font color=""#6f6f6f"">Hindustan</font>",Disaster,hi
जिले में कक्षा आठ तक के विद्यालय दो दिन रहेंगे बंद - Hindustan,https://news.google.com/rss/articles/CBMi3wFBVV95cUxNMjB6cDdHSkw4NGtWYVlJSEhqcW1HanJBNDhaM3NXMHdFTXBTS09PUnhac1IyVEd5TU4zMUNRLVBrRHVYVE81OXV5UE05X2VzcXBZSjVjMlRRSDZ2cTlIdFVqVGtfekZpXzdVRGZVYlAxSGxuRXdPZnhEWDRldGJCa3o1MXJyQ3VIZFl4OWlFR2F4TWItWmxKRTlPUnRKTXFkZHowRTlYel9XVDlld2MzME9MMGdxNjRMNUlOMGo4SDZJY2VJa2wyX1FOc09FcVNXd1Jsa0xmR2tpMkdaUkNN0gHfAUFVX3lxTE0yMHpwN0dKTDg0a1ZhWUlISGpxbUdqckE0OFozc1cwd0VNcFNLT09SeFpzUjJUR3lNTjMxQ1EtUGtEdVhUTzU5dXlQTTlfZXNxcFlKNWMyVFFINnZxOUh0VWpUa196RmlfN1VEZlViUDFIbG5Fd09meERYNGV0YkJrejUxcnJDdUhkWXg5aUVHYXhNYi1abEpFOU9SdEpNcWRkejBFOVh6X1dUOWV3YzMwT0wwZ3E2NEw1SU4wajhINkljZUlrbDJfUU5zT0VxU1d3UmxrTGZHa2kyR1pSQ00?oc=5,2025-12-18 21:32:33,Hindustan,"<a href=""https://news.google.com/rss/articles/CBMi3wFBVV95cUxNMjB6cDdHSkw4NGtWYVlJSEhqcW1HanJBNDhaM3NXMHdFTXBTS09PUnhac1IyVEd5TU4zMUNRLVBrRHVYVE81OXV5UE05X2VzcXBZSjVjMlRRSDZ2cTlIdFVqVGtfekZpXzdVRGZVYlAxSGxuRXdPZnhEWDRldGJCa3o1MXJyQ3VIZFl4OWlFR2F4TWItWmxKRTlPUnRKTXFkZHowRTlYel9XVDlld2MzME9MMGdxNjRMNUlOMGo4SDZJY2VJa2wyX1FOc09FcVNXd1Jsa0xmR2tpMkdaUkNN0gHfAUFVX3lxTE0yMHpwN0dKTDg0a1ZhWUlISGpxbUdqckE0OFozc1cwd0VNcFNLT09SeFpzUjJUR3lNTjMxQ1EtUGtEdVhUTzU5dXlQTTlfZXNxcFlKNWMyVFFINnZxOUh0VWpUa196RmlfN1VEZlViUDFIbG5Fd09meERYNGV0YkJrejUxcnJDdUhkWXg5aUVHYXhNYi1abEpFOU9SdEpNcWRkejBFOVh6X1dUOWV3YzMwT0wwZ3E2NEw1SU4wajhINkljZUlrbDJfUU5zT0VxU1d3UmxrTGZHa2kyR1pSQ00?oc=5"" target=""_blank"">जिले में कक्षा आठ तक के विद्यालय दो दिन रहेंगे बंद</a>&nbsp;&nbsp;<font color=""#6f6f6f"">Hindustan</font>",Disaster,hi
भीषण ठंड के चलते परिषदीय स्कूलों का समय बदलने की मांग - Hindustan,https://news.google.com/rss/articles/CBMi1AFBVV95cUxQZFBCZjJoS3dDYjdLNVN4TGN5TDFHUnRGeDR3cW1YS0F6ZFNXNHRGbXU0MER0bE52VVBJRnRRWTFOWXdvS2hrQy1vbFBFX1I1S3ZhcF9uQndqN2ZjNTJsVDRDM3BPM0tmSUV6NTcwN2VvdFFTVk9WakxhdXdvU0ZEQXhOQ3BSS0JJSXBVV0ZGaTFYb1F1M2YwY3VJVUljM0ZJUEhUWURSdl9waV9US2xHSGVjR3hPejRoMGJmQjZmWnQ5dzJqVW5KSVZTaV9ESUtJbm9ETtIB1AFBVV95cUxQZFBCZjJoS3dDYjdLNVN4TGN5TDFHUnRGeDR3cW1YS0F6ZFNXNHRGbXU0MER0bE52VVBJRnRRWTFOWXdvS2hrQy1vbFBFX1I1S3ZhcF9uQndqN2ZjNTJsVDRDM3BPM0tmSUV6NTcwN2VvdFFTVk9WakxhdXdvU0ZEQXhOQ3BSS0JJSXBVV0ZGaTFYb1F1M2YwY3VJVUljM0ZJUEhUWURSdl9waV9US2xHSGVjR3hPejRoMGJmQjZmWnQ5dzJqVW5KSVZTaV9ESUtJbm9ETg?oc=5,2025-12-18 19:54:47,Hindustan,"<a href=""https://news.google.com/rss/articles/CBMi1AFBVV95cUxQZFBCZjJoS3dDYjdLNVN4TGN5TDFHUnRGeDR3cW1YS0F6ZFNXNHRGbXU0MER0bE52VVBJRnRRWTFOWXdvS2hrQy1vbFBFX1I1S3ZhcF9uQndqN2ZjNTJsVDRDM3BPM0tmSUV6NTcwN2VvdFFTVk9WakxhdXdvU0ZEQXhOQ3BSS0JJSXBVV0ZGaTFYb1F1M2YwY3VJVUljM0ZJUEhUWURSdl9waV9US2xHSGVjR3hPejRoMGJmQjZmWnQ5dzJqVW5KSVZTaV9ESUtJbm9ETtIB1AFBVV95cUxQZFBCZjJoS3dDYjdLNVN4TGN5TDFHUnRGeDR3cW1YS0F6ZFNXNHRGbXU0MER0bE52VVBJRnRRWTFOWXdvS2hrQy1vbFBFX1I1S3ZhcF9uQndqN2ZjNTJsVDRDM3BPM0tmSUV6NTcwN2VvdFFTVk9WakxhdXdvU0ZEQXhOQ3BSS0JJSXBVV0ZGaTFYb1F1M2YwY3VJVUljM0ZJUEhUWURSdl9waV9US2xHSGVjR3hPejRoMGJmQjZmWnQ5dzJqVW5KSVZTaV9ESUtJbm9ETg?oc=5"" target=""_blank"">भीषण ठंड के चलते परिषदीय स्कूलों का समय बदलने की मांग</a>&nbsp;&nbsp;<font color=""#6f6f6f"">Hindustan</font>",Disaster,hi
कोहरे का कहरः शहर से देहात तक जनजीवन अस्त व्यस्त - Hindustan,https://news.google.com/rss/articles/CBMi_wFBVV95cUxNNnoxSms1ajMxMWx3MHhjRW1wR0o2Yk03enhhTEFWMzhkazl2RkJkWmZPVkYzLVVvM21UQU95YU8yS0dUUFNET1dtRG1EMnJJYWE1ekF6Z0tIeTZIOGVMSGJKbDBvdTZKbWFEWlg2NWhxVl9heXVuTDkzQ0RnbzVkTHJYcjAxeE8wNjhMbzQ4by1HTDRPSmhBZ1dBMk5RWnJnMk9Md2VMbEJlT0d5eE8wWUhqaDZWSk1tTm1Gek1VZ0cwWUJraE5sT2dKeVlLVmZHalJhZWRrcW1MeUJ2bzluMWJFY3lmcDVJR29FTzJab2hGVTJ1a2ZlZFJLcTJ1NnfSAf8BQVVfeXFMTTZ6MUprNWozMTFsdzB4Y0VtcEdKNmJNN3p4YUxBVjM4ZGs5dkZCZFpmT1ZGMy1VbzNtVEFPeWFPMktHVFBTRE9XbURtRDJySWFhNXpBemdLSHk2SDhlTEhiSmwwb3U2Sm1hRFpYNjVocVZfYXl1bkw5M0NEZ281ZExyWHIwMXhPMDY4TG80OG8tR0w0T0poQWdXQTJOUVpyZzJPTHdlTGxCZU9HeXhPMFlIamg2VkpNbU5tRnpNVWdHMFlCa2hObE9nSnlZS1ZmR2pSYWVka3FtTHlCdm85bjFiRWN5ZnA1SUdvRU8yWm9oRlUydWtmZWRSS3EydTZ3?oc=5,2025-12-18 22:57:34,Hindustan,"<a href=""https://news.google.com/rss/articles/CBMi_wFBVV95cUxNNnoxSms1ajMxMWx3MHhjRW1wR0o2Yk03enhhTEFWMzhkazl2RkJkWmZPVkYzLVVvM21UQU95YU8yS0dUUFNET1dtRG1EMnJJYWE1ekF6Z0tIeTZIOGVMSGJKbDBvdTZKbWFEWlg2NWhxVl9heXVuTDkzQ0RnbzVkTHJYcjAxeE8wNjhMbzQ4by1HTDRPSmhBZ1dBMk5RWnJnMk9Md2VMbEJlT0d5eE8wWUhqaDZWSk1tTm1Gek1VZ0cwWUJraE5sT2dKeVlLVmZHalJhZWRrcW1MeUJ2bzluMWJFY3lmcDVJR29FTzJab2hGVTJ1a2ZlZFJLcTJ1NnfSAf8BQVVfeXFMTTZ6MUprNWozMTFsdzB4Y0VtcEdKNmJNN3p4YUxBVjM4ZGs5dkZCZFpmT1ZGMy1VbzNtVEFPeWFPMktHVFBTRE9XbURtRDJySWFhNXpBemdLSHk2SDhlTEhiSmwwb3U2Sm1hRFpYNjVocVZfYXl1bkw5M0NEZ281ZExyWHIwMXhPMDY4TG80OG8tR0w0T0poQWdXQTJOUVpyZzJPTHdlTGxCZU9HeXhPMFlIamg2VkpNbU5tRnpNVWdHMFlCa2hObE9nSnlZS1ZmR2pSYWVka3FtTHlCdm85bjFiRWN5ZnA1SUdvRU8yWm9oRlUydWtmZWRSS3EydTZ3?oc=5"" target=""_blank"">कोहरे का कहरः शहर से देहात तक जनजीवन अस्त व्यस्त</a>&nbsp;&nbsp;<font color=""#6f6f6f"">Hindustan</font>",Disaster,hi
मौसम की मार : 12वीं तक के स्कूल दस से तीन बजे तक खुलेंगे - Hindustan,https://news.google.com/rss/articles/CBMi4AFBVV95cUxNbnVZbHRXRE1VOHdWclRpb0pmUHRYQzdmWGdYTnUya2R0NTVVNngxWTNjMlFrZzdQblJZYk1WbXpkdUNfc3ZKSFZhTWlNc1JDY1RSRmIyY0szc2VjU1JfbWFqREZhUVowbl9pY3FoRmp2OU1jMUZCWTl5UVA5U2Z2SW5XRHRQajN0aEtKMWxaVjM0aEhkUnJMaFlwSGtnc3oxc1FqRU1CMlF6SjVyUFNIc3R6M2g0NlRBcHBOdlJuX284S3JiNkZBdVBQZ0M2NHI2NVA1Y0tZUzBpaG5sYUY2eNIB4AFBVV95cUxNbnVZbHRXRE1VOHdWclRpb0pmUHRYQzdmWGdYTnUya2R0NTVVNngxWTNjMlFrZzdQblJZYk1WbXpkdUNfc3ZKSFZhTWlNc1JDY1RSRmIyY0szc2VjU1JfbWFqREZhUVowbl9pY3FoRmp2OU1jMUZCWTl5UVA5U2Z2SW5XRHRQajN0aEtKMWxaVjM0aEhkUnJMaFlwSGtnc3oxc1FqRU1CMlF6SjVyUFNIc3R6M2g0NlRBcHBOdlJuX284S3JiNkZBdVBQZ0M2NHI2NVA1Y0tZUzBpaG5sYUY2eA?oc=5,2025-12-18 18:23:24,Hindustan,"<a href=""https://news.google.com/rss/articles/CBMi4AFBVV95cUxNbnVZbHRXRE1VOHdWclRpb0pmUHRYQzdmWGdYTnUya2R0NTVVNngxWTNjMlFrZzdQblJZYk1WbXpkdUNfc3ZKSFZhTWlNc1JDY1RSRmIyY0szc2VjU1JfbWFqREZhUVowbl9pY3FoRmp2OU1jMUZCWTl5UVA5U2Z2SW5XRHRQajN0aEtKMWxaVjM0aEhkUnJMaFlwSGtnc3oxc1FqRU1CMlF6SjVyUFNIc3R6M2g0NlRBcHBOdlJuX284S3JiNkZBdVBQZ0M2NHI2NVA1Y0tZUzBpaG5sYUY2eNIB4AFBVV95cUxNbnVZbHRXRE1VOHdWclRpb0pmUHRYQzdmWGdYTnUya2R0NTVVNngxWTNjMlFrZzdQblJZYk1WbXpkdUNfc3ZKSFZhTWlNc1JDY1RSRmIyY0szc2VjU1JfbWFqREZhUVowbl9pY3FoRmp2OU1jMUZCWTl5UVA5U2Z2SW5XRHRQajN0aEtKMWxaVjM0aEhkUnJMaFlwSGtnc3oxc1FqRU1CMlF6SjVyUFNIc3R6M2g0NlRBcHBOdlJuX284S3JiNkZBdVBQZ0M2NHI2NVA1Y0tZUzBpaG5sYUY2eA?oc=5"" target=""_blank"">मौसम की मार : 12वीं तक के स्कूल दस से तीन बजे तक खुलेंगे</a>&nbsp;&nbsp;<font color=""#6f6f6f"">Hindustan</font>",Disaster,hi
"दिन का पारा 3.5 डिग्री लुढ़का, धूप निकली पर बढ़ गई गलन - Hindustan",https://news.google.com/rss/articles/CBMi7AFBVV95cUxQLTBTX2Uta2NPdjlPYWZ4R1NFWDd5OGQwRHJhaVJ5UmhDN3JzTU55LWNlMkh4NGVnS3pSU2pYOHN4VXlKcTU0SHlHTTZKbzBQTkIyaUg1ek9laWN4dklaZlc5TFhZSVBqR2pIQm93MWdDZUV5c1Y5VUxiX2pfQjlvUjFzbG8yc1I1b0FORmhEVVZFNG02UlhGTWxidGdaRURNSWtGNW5vbFBfS0xOdm8xS295R3ppc2pZMl94elV6NGF4YVVpWHM2ZjVaMXB2X1pFMUFJTlRaWXRRZE1yRW53cTBqbVZwS19ZcTU5YtIB7AFBVV95cUxQLTBTX2Uta2NPdjlPYWZ4R1NFWDd5OGQwRHJhaVJ5UmhDN3JzTU55LWNlMkh4NGVnS3pSU2pYOHN4VXlKcTU0SHlHTTZKbzBQTkIyaUg1ek9laWN4dklaZlc5TFhZSVBqR2pIQm93MWdDZUV5c1Y5VUxiX2pfQjlvUjFzbG8yc1I1b0FORmhEVVZFNG02UlhGTWxidGdaRURNSWtGNW5vbFBfS0xOdm8xS295R3ppc2pZMl94elV6NGF4YVVpWHM2ZjVaMXB2X1pFMUFJTlRaWXRRZE1yRW53cTBqbVZwS19ZcTU5Yg?oc=5,2025-12-19 01:20:59,Hindustan,"<a href=""https://news.google.com/rss/articles/CBMi7AFBVV95cUxQLTBTX2Uta2NPdjlPYWZ4R1NFWDd5OGQwRHJhaVJ5UmhDN3JzTU55LWNlMkh4NGVnS3pSU2pYOHN4VXlKcTU0SHlHTTZKbzBQTkIyaUg1ek9laWN4dklaZlc5TFhZSVBqR2pIQm93MWdDZUV5c1Y5VUxiX2pfQjlvUjFzbG8yc1I1b0FORmhEVVZFNG02UlhGTWxidGdaRURNSWtGNW5vbFBfS0xOdm8xS295R3ppc2pZMl94elV6NGF4YVVpWHM2ZjVaMXB2X1pFMUFJTlRaWXRRZE1yRW53cTBqbVZwS19ZcTU5YtIB7AFBVV95cUxQLTBTX2Uta2NPdjlPYWZ4R1NFWDd5OGQwRHJhaVJ5UmhDN3JzTU55LWNlMkh4NGVnS3pSU2pYOHN4VXlKcTU0SHlHTTZKbzBQTkIyaUg1ek9laWN4dklaZlc5TFhZSVBqR2pIQm93MWdDZUV5c1Y5VUxiX2pfQjlvUjFzbG8yc1I1b0FORmhEVVZFNG02UlhGTWxidGdaRURNSWtGNW5vbFBfS0xOdm8xS295R3ppc2pZMl94elV6NGF4YVVpWHM2ZjVaMXB2X1pFMUFJTlRaWXRRZE1yRW53cTBqbVZwS19ZcTU5Yg?oc=5"" target=""_blank"">दिन का पारा 3.5 डिग्री लुढ़का, धूप निकली पर बढ़ गई गलन</a>&nbsp;&nbsp;<font color=""#6f6f6f"">Hindustan</font>",Disaster,hi
"धूप ने दी हल्की राहत, आज छाया रह सकता है कोहरा - Hindustan",https://news.google.com/rss/articles/CBMi5AFBVV95cUxNVVViM0ZhV04xenlYd0diZzU4cXJtQk91clZlNlE5RVNIS09oS05TQ2F6aktuMGlhYkM4QzFFRlBYTUU0TXJWcmNJNXEwOS12ai1Na0tLc1psbUFjZGt1YkMzZkVrQjhMWlU4SFJYaEY0QUNGbEtEUUs5NGpqX1hnWFNCTExFRS0wMGp1YzZmVEFnUmxqZXRzUzJqV25mRXRBQUFJemFldWNqOWFMc3ZELVpRQmUxYUhXV0llejFhbUh4eEFOc3BiaVNWbmRRQ0d6MkljZUhtTkM3YXVSRUpRVTNWOHXSAeQBQVVfeXFMTVVVYjNGYVdOMXp5WHdHYmc1OHFybUJPdXJWZTZROUVTSEtPaEtOU0NhempLbjBpYWJDOEMxRUZQWE1FNE1yVnJjSTVxMDktdmotTWtLS3NabG1BY2RrdWJDM2ZFa0I4TFpVOEhSWGhGNEFDRmxLRFFLOTRqal9YZ1hTQkxMRUUtMDBqdWM2ZlRBZ1JsamV0c1MyalduZkV0QUFBSXphZXVjajlhTHN2RC1aUUJlMWFIV1dJZXoxYW1IeHhBTnNwYmlTVm5kUUNHejJJY2VIbU5DN2F1UkVKUVUzVjh1?oc=5,2025-12-18 19:23:25,Hindustan,"<a href=""https://news.google.com/rss/articles/CBMi5AFBVV95cUxNVVViM0ZhV04xenlYd0diZzU4cXJtQk91clZlNlE5RVNIS09oS05TQ2F6aktuMGlhYkM4QzFFRlBYTUU0TXJWcmNJNXEwOS12ai1Na0tLc1psbUFjZGt1YkMzZkVrQjhMWlU4SFJYaEY0QUNGbEtEUUs5NGpqX1hnWFNCTExFRS0wMGp1YzZmVEFnUmxqZXRzUzJqV25mRXRBQUFJemFldWNqOWFMc3ZELVpRQmUxYUhXV0llejFhbUh4eEFOc3BiaVNWbmRRQ0d6MkljZUhtTkM3YXVSRUpRVTNWOHXSAeQBQVVfeXFMTVVVYjNGYVdOMXp5WHdHYmc1OHFybUJPdXJWZTZROUVTSEtPaEtOU0NhempLbjBpYWJDOEMxRUZQWE1FNE1yVnJjSTVxMDktdmotTWtLS3NabG1BY2RrdWJDM2ZFa0I4TFpVOEhSWGhGNEFDRmxLRFFLOTRqal9YZ1hTQkxMRUUtMDBqdWM2ZlRBZ1JsamV0c1MyalduZkV0QUFBSXphZXVjajlhTHN2RC1aUUJlMWFIV1dJZXoxYW1IeHhBTnNwYmlTVm5kUUNHejJJY2VIbU5DN2F1UkVKUVUzVjh1?oc=5"" target=""_blank"">धूप ने दी हल्की राहत, आज छाया रह सकता है कोहरा</a>&nbsp;&nbsp;<font color=""#6f6f6f"">Hindustan</font>",Disaster,hi
सुबह 10 से दोपहर तीन बजे तक खुलेंगे स्कूल - Hindustan,https://news.google.com/rss/articles/CBMi3gFBVV95cUxQMjEta2dGWkpVQWk3QlMyUEZ4b2RyS0JrSzNMTXl2UU9xc2lGSFdDVmVBQi1qYnRuY1JCQ01xUEVvT0RJdTZac1dBTlFMNld2YUNZM3haZ0dTWE9LY3RFWmpZTTBQdm5vcnpDQ0dmNXRfMFVnNDFKeVA2U2p0Q3B6TzRUZDhzdzFQRjRVOWl6Uk42UVA4cGg1N3ctNVJ5d0ZtZGN6NEpMenBRVFBSVkZvMXRKRDZkdWUxWkpVZ09teHgwS1FyRWNVZ3pVYVFRVXlOYnlfOV9aSk5jSGFWZGfSAd4BQVVfeXFMUDIxLWtnRlpKVUFpN0JTMlBGeG9kcktCa0szTE15dlFPcXNpRkhXQ1ZlQUItamJ0bmNSQkNNcVBFb09ESXU2WnNXQU5RTDZXdmFDWTN4WmdHU1hPS2N0RVpqWU0wUHZub3J6Q0NHZjV0XzBVZzQxSnlQNlNqdENwek80VGQ4c3cxUEY0VTlpelJONlFQOHBoNTd3LTVSeXdGbWRjejRKTHpwUVRQUlZGbzF0SkQ2ZHVlMVpKVWdPbXh4MEtRckVjVWd6VWFRUVV5TmJ5XzlfWkpOY0hhVmRn?oc=5,2025-12-19 00:54:40,Hindustan,"<a href=""https://news.google.com/rss/articles/CBMi3gFBVV95cUxQMjEta2dGWkpVQWk3QlMyUEZ4b2RyS0JrSzNMTXl2UU9xc2lGSFdDVmVBQi1qYnRuY1JCQ01xUEVvT0RJdTZac1dBTlFMNld2YUNZM3haZ0dTWE9LY3RFWmpZTTBQdm5vcnpDQ0dmNXRfMFVnNDFKeVA2U2p0Q3B6TzRUZDhzdzFQRjRVOWl6Uk42UVA4cGg1N3ctNVJ5d0ZtZGN6NEpMenBRVFBSVkZvMXRKRDZkdWUxWkpVZ09teHgwS1FyRWNVZ3pVYVFRVXlOYnlfOV9aSk5jSGFWZGfSAd4BQVVfeXFMUDIxLWtnRlpKVUFpN0JTMlBGeG9kcktCa0szTE15dlFPcXNpRkhXQ1ZlQUItamJ0bmNSQkNNcVBFb09ESXU2WnNXQU5RTDZXdmFDWTN4WmdHU1hPS2N0RVpqWU0wUHZub3J6Q0NHZjV0XzBVZzQxSnlQNlNqdENwek80VGQ4c3cxUEY0VTlpelJONlFQOHBoNTd3LTVSeXdGbWRjejRKTHpwUVRQUlZGbzF0SkQ2ZHVlMVpKVWdPbXh4MEtRckVjVWd6VWFRUVV5TmJ5XzlfWkpOY0hhVmRn?oc=5"" target=""_blank"">सुबह 10 से दोपहर तीन बजे तक खुलेंगे स्कूल</a>&nbsp;&nbsp;<font color=""#6f6f6f"">Hindustan</font>",Disaster,hi
"कोहरे से शताब्दी समेत कई ट्रेनें रद, दर्जनों रही लेट - Hindustan",https://news.google.com/rss/articles/CBMi5wFBVV95cUxNUjZ5b3VLODh6VE5VM0YyeXA1MXJ3WDlkNnVUXzFGN2pXQ0cwQzNhbkJxTW5YTmpmMUNSWDRLQmhmNmUtb0FuU1hhbU1xVk1PXzl6eGhrY0tPbGFsdWIwSERqRXZkRklzV1RvZ1lWWXBRSWF1N3Y1QzVsTkVsS0dsckp3amFoVVJhWmZrVnNQcEFyNmVqaHFibTlSS25hOVNnclNiSlUxOVJwMjV3ZV9LbG9MOC05dEtNeUdSUXAxajQ5b2p0YnEtQ18xNHdUR2VyeWU5SDhIMVZFcUxyaFZZNklrZjQ4SGfSAecBQVVfeXFMTVI2eW91Szg4elROVTNGMnlwNTFyd1g5ZDZ1VF8xRjdqV0NHMEMzYW5CcU1uWE5qZjFDUlg0S0JoZjZlLW9BblNYYW1NcVZNT185enhoa2NLT2xhbHViMEhEakV2ZEZJc1dUb2dZVllwUUlhdTd2NUM1bE5FbEtHbHJKd2phaFVSYVpma1ZzUHBBcjZlamhxYm05UktuYTlTZ3JTYkpVMTlScDI1d2VfS2xvTDgtOXRLTXlHUlFwMWo0OW9qdGJxLUNfMTR3VEdlcnllOUg4SDFWRXFMcmhWWTZJa2Y0OEhn?oc=5,2025-12-19 01:12:48,Hindustan,"<a href=""https://news.google.com/rss/articles/CBMi5wFBVV95cUxNUjZ5b3VLODh6VE5VM0YyeXA1MXJ3WDlkNnVUXzFGN2pXQ0cwQzNhbkJxTW5YTmpmMUNSWDRLQmhmNmUtb0FuU1hhbU1xVk1PXzl6eGhrY0tPbGFsdWIwSERqRXZkRklzV1RvZ1lWWXBRSWF1N3Y1QzVsTkVsS0dsckp3amFoVVJhWmZrVnNQcEFyNmVqaHFibTlSS25hOVNnclNiSlUxOVJwMjV3ZV9LbG9MOC05dEtNeUdSUXAxajQ5b2p0YnEtQ18xNHdUR2VyeWU5SDhIMVZFcUxyaFZZNklrZjQ4SGfSAecBQVVfeXFMTVI2eW91Szg4elROVTNGMnlwNTFyd1g5ZDZ1VF8xRjdqV0NHMEMzYW5CcU1uWE5qZjFDUlg0S0JoZjZlLW9BblNYYW1NcVZNT185enhoa2NLT2xhbHViMEhEakV2ZEZJc1dUb2dZVllwUUlhdTd2NUM1bE5FbEtHbHJKd2phaFVSYVpma1ZzUHBBcjZlamhxYm05UktuYTlTZ3JTYkpVMTlScDI1d2VfS2xvTDgtOXRLTXlHUlFwMWo0OW9qdGJxLUNfMTR3VEdlcnllOUg4SDFWRXFMcmhWWTZJa2Y0OEhn?oc=5"" target=""_blank"">कोहरे से शताब्दी समेत कई ट्रेनें रद, दर्जनों रही लेट</a>&nbsp;&nbsp;<font color=""#6f6f6f"">Hindustan</font>",Disaster,hi
एक घंटे की धूप ने कुछ देर राहत के बाद बढ़ाई गलन - Hindustan,https://news.google.com/rss/articles/CBMi5AFBVV95cUxPeFVBZVozTVpnVGNSTXNIdDNvWDdNcVNSdUx0Rlk2UGkwOEt6SHBwSnlTcDB1X2lkaDBUZVV0UkdkX0Z3SC12bm5weDhIemw5X2d2NV92Q2RaVHRGeVFoY01CVzlEMWtOOVBwMDRScy1UQmhxSmVyU29yVW1YcVRfWTVoc1RNWGFKdXNIN1RoRG1ucnNic3BIQURVQkZjbXhMelVtZVNrVE9Kb1J0aUJ3VldLcndwaE9VQlZoYXdrby1heXpVQ3JPbDM2dmxhMkI2aWtIV2V1SkxSOEtIWnQ5MTYtUW_SAeQBQVVfeXFMT3hVQWVaM01aZ1RjUk1zSHQzb1g3TXFTUnVMdEZZNlBpMDhLekhwcEp5U3AwdV9pZGgwVGVVdFJHZF9Gd0gtdm5ucHg4SHpsOV9ndjVfdkNkWlR0RnlRaGNNQlc5RDFrTjlQcDA0UnMtVEJocUplclNvclVtWHFUX1k1aHNUTVhhSnVzSDdUaERtbnJzYnNwSEFEVUJGY214THpVbWVTa1RPSm9SdGlCd1ZXS3J3cGhPVUJWaGF3a28tYXl6VUNyT2wzNnZsYTJCNmlrSFdldUpMUjhLSFp0OTE2LVFv?oc=5,2025-12-19 01:50:52,Hindustan,"<a href=""https://news.google.com/rss/articles/CBMi5AFBVV95cUxPeFVBZVozTVpnVGNSTXNIdDNvWDdNcVNSdUx0Rlk2UGkwOEt6SHBwSnlTcDB1X2lkaDBUZVV0UkdkX0Z3SC12bm5weDhIemw5X2d2NV92Q2RaVHRGeVFoY01CVzlEMWtOOVBwMDRScy1UQmhxSmVyU29yVW1YcVRfWTVoc1RNWGFKdXNIN1RoRG1ucnNic3BIQURVQkZjbXhMelVtZVNrVE9Kb1J0aUJ3VldLcndwaE9VQlZoYXdrby1heXpVQ3JPbDM2dmxhMkI2aWtIV2V1SkxSOEtIWnQ5MTYtUW_SAeQBQVVfeXFMT3hVQWVaM01aZ1RjUk1zSHQzb1g3TXFTUnVMdEZZNlBpMDhLekhwcEp5U3AwdV9pZGgwVGVVdFJHZF9Gd0gtdm5ucHg4SHpsOV9ndjVfdkNkWlR0RnlRaGNNQlc5RDFrTjlQcDA0UnMtVEJocUplclNvclVtWHFUX1k1aHNUTVhhSnVzSDdUaERtbnJzYnNwSEFEVUJGY214THpVbWVTa1RPSm9SdGlCd1ZXS3J3cGhPVUJWaGF3a28tYXl6VUNyT2wzNnZsYTJCNmlrSFdldUpMUjhLSFp0OTE2LVFv?oc=5"" target=""_blank"">एक घंटे की धूप ने कुछ देर राहत के बाद बढ़ाई गलन</a>&nbsp;&nbsp;<font color=""#6f6f6f"">Hindustan</font>",Disaster,hi
"कोहरे का कहर : खुले आसमान के नीचे लोग ठिठुरने को मजूबर, नहीं शुरू हुए सभी अस्थायी रैन बसेरे - Hindustan",https://news.google.com/rss/articles/CBMigAJBVV95cUxOTmZQMk5wa3RiMGZLZ0cyN1d0RnI3R2hhZlZFd3l1RHBmVzQxajgxT203MGFsd3M4d0RyTEl0X0xkX3Z4OHFaNjBPNUtjOGtfQ1BTWWZsems3Y3NhVDdVdUF4SnBrbnlSZVlISDR5OVp2b2Uwa0FjVVRWay1jdkU5TTB3WnhmcmpKSDE1RllNOGVpOTh0Y2Q0OHhSb3J4WXg1Z21CcXBmUGZoc3lYc3RIcWwzdXVUTU1HZWd5RTBLal9Hb2NRVHN6cXlMcDFjYS1SQmJLWEc0YlR2Qk9tZmdBQUF3RnI4WVJSOGtTbWhlS3ZHZzd3aVUxTF9NQ05PTnQz0gGAAkFVX3lxTE5OZlAyTnBrdGIwZktnRzI3V3RGcjdHaGFmVkV3eXVEcGZXNDFqODFPbTcwYWx3czh3RHJMSXRfTGRfdng4cVo2ME81S2M4a19DUFNZZmx6azdjc2FUN1V1QXhKcGtueVJlWUhINHk5WnZvZTBrQWNVVFZrLWN2RTlNMHdaeGZyakpIMTVGWU04ZWk5OHRjZDQ4eFJvcnhZeDVnbUJxcGZQZmhzeVhzdEhxbDN1dVRNTUdlZ3lFMEtqX0dvY1FUc3pxeUxwMWNhLVJCYktYRzRiVHZCT21mZ0FBQXdGcjhZUlI4a1NtaGVLdkdnN3dpVTFMX01DTk9OdDM?oc=5,2025-12-19 00:56:35,Hindustan,"<a href=""https://news.google.com/rss/articles/CBMigAJBVV95cUxOTmZQMk5wa3RiMGZLZ0cyN1d0RnI3R2hhZlZFd3l1RHBmVzQxajgxT203MGFsd3M4d0RyTEl0X0xkX3Z4OHFaNjBPNUtjOGtfQ1BTWWZsems3Y3NhVDdVdUF4SnBrbnlSZVlISDR5OVp2b2Uwa0FjVVRWay1jdkU5TTB3WnhmcmpKSDE1RllNOGVpOTh0Y2Q0OHhSb3J4WXg1Z21CcXBmUGZoc3lYc3RIcWwzdXVUTU1HZWd5RTBLal9Hb2NRVHN6cXlMcDFjYS1SQmJLWEc0YlR2Qk9tZmdBQUF3RnI4WVJSOGtTbWhlS3ZHZzd3aVUxTF9NQ05PTnQz0gGAAkFVX3lxTE5OZlAyTnBrdGIwZktnRzI3V3RGcjdHaGFmVkV3eXVEcGZXNDFqODFPbTcwYWx3czh3RHJMSXRfTGRfdng4cVo2ME81S2M4a19DUFNZZmx6azdjc2FUN1V1QXhKcGtueVJlWUhINHk5WnZvZTBrQWNVVFZrLWN2RTlNMHdaeGZyakpIMTVGWU04ZWk5OHRjZDQ4eFJvcnhZeDVnbUJxcGZQZmhzeVhzdEhxbDN1dVRNTUdlZ3lFMEtqX0dvY1FUc3pxeUxwMWNhLVJCYktYRzRiVHZCT21mZ0FBQXdGcjhZUlI4a1NtaGVLdkdnN3dpVTFMX01DTk9OdDM?oc=5"" target=""_blank"">कोहरे का कहर : खुले आसमान के नीचे लोग ठिठुरने को मजूबर, नहीं शुरू हुए सभी अस्थायी रैन बसेरे</a>&nbsp;&nbsp;<font color=""#6f6f6f"">Hindustan</font>",Disaster,hi
"छह शहरों में दृश्यता शून्य, वाराणसी और बुलंदशहर में भीषण सर्दी - Hindustan",https://news.google.com/rss/articles/CBMi8wFBVV95cUxNR3ZEZFN6U3hqQlF1UEI4UVVYQ0xBTGw1aXMzS2xNcVJGbVJzbGpDaXkzOGJoMk9STXFqNnRtRmN1Wk1VNzNFMXRtZ29pZG9SU2ZUemdJaWVjeHpNdkVPMFhUeWVWcUJUUWdjenFtTy00dVh4eGsyQXF0RUw3RGRTUE9lalgxMlNjOGk5TUxxRVAtQW1nN2lTb0tseERvbVZvaHJtUGx5SXJ6RHBuSEVuQzZOYS1XX3BxbGIybzZNakpDcWFfV0M4OHp6blJ1QkR0UHIwYnlXd2RXOWZCTkdPWDBzTXVMdWh2NkdxZ2w4dy1PY2vSAfMBQVVfeXFMTUd2RGRTelN4akJRdVBCOFFVWENMQUxsNWlzM0tsTXFSRm1Sc2xqQ2l5MzhiaDJPUk1xajZ0bUZjdVpNVTczRTF0bWdvaWRvUlNmVHpnSWllY3h6TXZFTzBYVHllVnFCVFFnY3pxbU8tNHVYeHhrMkFxdEVMN0RkU1BPZWpYMTJTYzhpOU1McUVQLUFtZzdpU29LbHhEb21Wb2hybVBseUlyekRwbkhFbkM2TmEtV19wcWxiMm82TWpKQ3FhX1dDODh6em5SdUJEdFByMGJ5V3dkVzlmQk5HT1gwc011THVodjZHcWdsOHctT2Nr?oc=5,2025-12-18 20:16:36,Hindustan,"<a href=""https://news.google.com/rss/articles/CBMi8wFBVV95cUxNR3ZEZFN6U3hqQlF1UEI4UVVYQ0xBTGw1aXMzS2xNcVJGbVJzbGpDaXkzOGJoMk9STXFqNnRtRmN1Wk1VNzNFMXRtZ29pZG9SU2ZUemdJaWVjeHpNdkVPMFhUeWVWcUJUUWdjenFtTy00dVh4eGsyQXF0RUw3RGRTUE9lalgxMlNjOGk5TUxxRVAtQW1nN2lTb0tseERvbVZvaHJtUGx5SXJ6RHBuSEVuQzZOYS1XX3BxbGIybzZNakpDcWFfV0M4OHp6blJ1QkR0UHIwYnlXd2RXOWZCTkdPWDBzTXVMdWh2NkdxZ2w4dy1PY2vSAfMBQVVfeXFMTUd2RGRTelN4akJRdVBCOFFVWENMQUxsNWlzM0tsTXFSRm1Sc2xqQ2l5MzhiaDJPUk1xajZ0bUZjdVpNVTczRTF0bWdvaWRvUlNmVHpnSWllY3h6TXZFTzBYVHllVnFCVFFnY3pxbU8tNHVYeHhrMkFxdEVMN0RkU1BPZWpYMTJTYzhpOU1McUVQLUFtZzdpU29LbHhEb21Wb2hybVBseUlyekRwbkhFbkM2TmEtV19wcWxiMm82TWpKQ3FhX1dDODh6em5SdUJEdFByMGJ5V3dkVzlmQk5HT1gwc011THVodjZHcWdsOHctT2Nr?oc=5"" target=""_blank"">छह शहरों में दृश्यता शून्य, वाराणसी और बुलंदशहर में भीषण सर्दी</a>&nbsp;&nbsp;<font color=""#6f6f6f"">Hindustan</font>",Disaster,hi
"कोहरे की चादर से ढका रहा जिला, घरों में रहे लोग - Hindustan",https://news.google.com/rss/articles/CBMi1wFBVV95cUxOZk9HWEg4NmlBUG9kTWlYNnNMNW9aOVplakJJTm9oRnU1WV9PWlFZVEVubzFMTUE0WXowVEJwWDFzWHFwQ0tpOXdFa1JoV1p6MzFfemhIMTVNSlI3U2VMcXdHTUo0dlVTandOOGg0ZWs3cjdyR05PQmhUY3p3Y2g4bUp1bFdjdE1NbnpvSGxmQkljeUZGWkNYbzRWdjNTeXhpWEFhcEpmVlUwV2R0Y1RsZ0RRTHYxeVc2YU9yWF83VXE4X1RHcWIwRDg4X1JYMmhvZnlNMmozONIB1wFBVV95cUxOZk9HWEg4NmlBUG9kTWlYNnNMNW9aOVplakJJTm9oRnU1WV9PWlFZVEVubzFMTUE0WXowVEJwWDFzWHFwQ0tpOXdFa1JoV1p6MzFfemhIMTVNSlI3U2VMcXdHTUo0dlVTandOOGg0ZWs3cjdyR05PQmhUY3p3Y2g4bUp1bFdjdE1NbnpvSGxmQkljeUZGWkNYbzRWdjNTeXhpWEFhcEpmVlUwV2R0Y1RsZ0RRTHYxeVc2YU9yWF83VXE4X1RHcWIwRDg4X1JYMmhvZnlNMmozOA?oc=5,2025-12-18 23:12:38,Hindustan,"<a href=""https://news.google.com/rss/articles/CBMi1wFBVV95cUxOZk9HWEg4NmlBUG9kTWlYNnNMNW9aOVplakJJTm9oRnU1WV9PWlFZVEVubzFMTUE0WXowVEJwWDFzWHFwQ0tpOXdFa1JoV1p6MzFfemhIMTVNSlI3U2VMcXdHTUo0dlVTandOOGg0ZWs3cjdyR05PQmhUY3p3Y2g4bUp1bFdjdE1NbnpvSGxmQkljeUZGWkNYbzRWdjNTeXhpWEFhcEpmVlUwV2R0Y1RsZ0RRTHYxeVc2YU9yWF83VXE4X1RHcWIwRDg4X1JYMmhvZnlNMmozONIB1wFBVV95cUxOZk9HWEg4NmlBUG9kTWlYNnNMNW9aOVplakJJTm9oRnU1WV9PWlFZVEVubzFMTUE0WXowVEJwWDFzWHFwQ0tpOXdFa1JoV1p6MzFfemhIMTVNSlI3U2VMcXdHTUo0dlVTandOOGg0ZWs3cjdyR05PQmhUY3p3Y2g4bUp1bFdjdE1NbnpvSGxmQkljeUZGWkNYbzRWdjNTeXhpWEFhcEpmVlUwV2R0Y1RsZ0RRTHYxeVc2YU9yWF83VXE4X1RHcWIwRDg4X1JYMmhvZnlNMmozOA?oc=5"" target=""_blank"">कोहरे की चादर से ढका रहा जिला, घरों में रहे लोग</a>&nbsp;&nbsp;<font color=""#6f6f6f"">Hindustan</font>",Disaster,hi
"धुंध, बदरी और कोहरे के साथ कड़ाके की सर्दी - Hindustan",https://news.google.com/rss/articles/CBMiwgFBVV95cUxOdEVtbXNsVnI2X2RyRDBsN09NR0w0V2dGQlRYYlhtQ3lyVTMzNXRzSjZCWjJFaXVlUHUwMjF2Ymlfd1NMYjRJUFFIc19feVJCMEV1WFZiUDkzR3NCRFdvMUl4dmxvN2ljTk4yMWpFZTEwM29YdF95Z0pPWkZ0M0VwQ3djblE0eG1PSGlwVGNpaGpJWEVENDFoeTdzZnRwTnktM3Q1YXB4dlp0SVRWZGVqTl9DYTR4RTliQUMwU0s5MG1jd9IBwgFBVV95cUxOdEVtbXNsVnI2X2RyRDBsN09NR0w0V2dGQlRYYlhtQ3lyVTMzNXRzSjZCWjJFaXVlUHUwMjF2Ymlfd1NMYjRJUFFIc19feVJCMEV1WFZiUDkzR3NCRFdvMUl4dmxvN2ljTk4yMWpFZTEwM29YdF95Z0pPWkZ0M0VwQ3djblE0eG1PSGlwVGNpaGpJWEVENDFoeTdzZnRwTnktM3Q1YXB4dlp0SVRWZGVqTl9DYTR4RTliQUMwU0s5MG1jdw?oc=5,2025-12-18 22:01:28,Hindustan,"<a href=""https://news.google.com/rss/articles/CBMiwgFBVV95cUxOdEVtbXNsVnI2X2RyRDBsN09NR0w0V2dGQlRYYlhtQ3lyVTMzNXRzSjZCWjJFaXVlUHUwMjF2Ymlfd1NMYjRJUFFIc19feVJCMEV1WFZiUDkzR3NCRFdvMUl4dmxvN2ljTk4yMWpFZTEwM29YdF95Z0pPWkZ0M0VwQ3djblE0eG1PSGlwVGNpaGpJWEVENDFoeTdzZnRwTnktM3Q1YXB4dlp0SVRWZGVqTl9DYTR4RTliQUMwU0s5MG1jd9IBwgFBVV95cUxOdEVtbXNsVnI2X2RyRDBsN09NR0w0V2dGQlRYYlhtQ3lyVTMzNXRzSjZCWjJFaXVlUHUwMjF2Ymlfd1NMYjRJUFFIc19feVJCMEV1WFZiUDkzR3NCRFdvMUl4dmxvN2ljTk4yMWpFZTEwM29YdF95Z0pPWkZ0M0VwQ3djblE0eG1PSGlwVGNpaGpJWEVENDFoeTdzZnRwTnktM3Q1YXB4dlp0SVRWZGVqTl9DYTR4RTliQUMwU0s5MG1jdw?oc=5"" target=""_blank"">धुंध, बदरी और कोहरे के साथ कड़ाके की सर्दी</a>&nbsp;&nbsp;<font color=""#6f6f6f"">Hindustan</font>",Disaster,hi
"उत्तर भारत में सर्दी-कोहरे का अटैक, पहाड़ों पर बारिश और बर्फबारी का अनुमान; जानें कैसा है मौसम का मिजाज - Times Now Navbharat",https://news.google.com/rss/articles/CBMi9AJBVV95cUxQX3ZkdUdzTHFKX0t6eVYtaHJwa3lKZkF2NHJwdkNYY3VWWVNPczRHWW9fU2JCaTNVUnVUNXJ1RzBhaGxLNzRmTkUtb1VFU21NcmllUk1vT1BHeHlkR2loaHJRMm0tVGhuTHo1LXBwamRSSWZ3Q1J2WkRKQmFHQnIwTU5LZWt1aTh6WV9UN1VJWTNza3JuQ3BKbWhXX3RhME1FemlDV1pHZUFXRC16d0ZGdXFLTEFSRXZXVVdaNlI2cHp2N0YyVk9CckxiMlRXOFp1RWhzMTZONDg4TWQ5eDVpbjFCMlZ3SjIwRnBkbVl3ZmRtWnNjcmpvWkdkdVJzTlpuZWR2UExYTzJJWlg1TEtmRTBvQ3dkUlFTcHJGUDlYcVVmZkxUMmdDd29YZGVDdXhrRTRlTXU4UW9nbEVPZThRTWVNMmZkckNfOU1URm1kcW53bUN6X3pkeS1CVDNwc0otYTR3UGZMOE1IY3diNmZVWjQ2LTc?oc=5,2025-12-18 20:27:37,Times Now Navbharat,"<a href=""https://news.google.com/rss/articles/CBMi9AJBVV95cUxQX3ZkdUdzTHFKX0t6eVYtaHJwa3lKZkF2NHJwdkNYY3VWWVNPczRHWW9fU2JCaTNVUnVUNXJ1RzBhaGxLNzRmTkUtb1VFU21NcmllUk1vT1BHeHlkR2loaHJRMm0tVGhuTHo1LXBwamRSSWZ3Q1J2WkRKQmFHQnIwTU5LZWt1aTh6WV9UN1VJWTNza3JuQ3BKbWhXX3RhME1FemlDV1pHZUFXRC16d0ZGdXFLTEFSRXZXVVdaNlI2cHp2N0YyVk9CckxiMlRXOFp1RWhzMTZONDg4TWQ5eDVpbjFCMlZ3SjIwRnBkbVl3ZmRtWnNjcmpvWkdkdVJzTlpuZWR2UExYTzJJWlg1TEtmRTBvQ3dkUlFTcHJGUDlYcVVmZkxUMmdDd29YZGVDdXhrRTRlTXU4UW9nbEVPZThRTWVNMmZkckNfOU1URm1kcW53bUN6X3pkeS1CVDNwc0otYTR3UGZMOE1IY3diNmZVWjQ2LTc?oc=5"" target=""_blank"">उत्तर भारत में सर्दी-कोहरे का अटैक, पहाड़ों पर बारिश और बर्फबारी का अनुमान; जानें कैसा है मौसम का मिजाज</a>&nbsp;&nbsp;<font color=""#6f6f6f"">Times Now Navbharat</font>",Disaster,hi
"फुहार की तरह झरता रहा कोहरा, बढ़ी ठंड और गलन - Hindustan",https://news.google.com/rss/articles/CBMi0wFBVV95cUxNTjhkY3ZwRFFWeWtidE8ySm1xZS0wME9NaVljZVhmU0I5RV9GQ2ZTeFZzNzBMX3JnWG0wU0FBLTduaFRhM0tWSmM0VjVZSWNCS2g4NWdzRDUtMGZYNW1kemlDbGd2WktHZ2R1NC1kaVhQSGpVOF9wMWdkaWNoRnpHUGlOMUowd0VxTjFST0lfRTZHcmVCdDRUdUkyNGtfSzV4WEFZbjJoc1hHd293MXNpNUlEYWZCTWNLWTd0WURUQmZaalRQeWpNOWNzZ0M1WHRxa1dF0gHTAUFVX3lxTE1OOGRjdnBEUVZ5a2J0TzJKbXFlLTAwT01pWWNlWGZTQjlFX0ZDZlN4VnM3MExfcmdYbTBTQUEtN25oVGEzS1ZKYzRWNVlJY0JLaDg1Z3NENS0wZlg1bWR6aUNsZ3ZaS0dnZHU0LWRpWFBIalU4X3AxZ2RpY2hGekdQaU4xSjB3RXFOMVJPSV9FNkdyZUJ0NFR1STI0a19LNXhYQVluMmhzWEd3b3cxc2k1SURhZkJNY0tZN3RZRFRCZlpqVFB5ak05Y3NnQzVYdHFrV0U?oc=5,2025-12-18 12:45:22,Hindustan,"<a href=""https://news.google.com/rss/articles/CBMi0wFBVV95cUxNTjhkY3ZwRFFWeWtidE8ySm1xZS0wME9NaVljZVhmU0I5RV9GQ2ZTeFZzNzBMX3JnWG0wU0FBLTduaFRhM0tWSmM0VjVZSWNCS2g4NWdzRDUtMGZYNW1kemlDbGd2WktHZ2R1NC1kaVhQSGpVOF9wMWdkaWNoRnpHUGlOMUowd0VxTjFST0lfRTZHcmVCdDRUdUkyNGtfSzV4WEFZbjJoc1hHd293MXNpNUlEYWZCTWNLWTd0WURUQmZaalRQeWpNOWNzZ0M1WHRxa1dF0gHTAUFVX3lxTE1OOGRjdnBEUVZ5a2J0TzJKbXFlLTAwT01pWWNlWGZTQjlFX0ZDZlN4VnM3MExfcmdYbTBTQUEtN25oVGEzS1ZKYzRWNVlJY0JLaDg1Z3NENS0wZlg1bWR6aUNsZ3ZaS0dnZHU0LWRpWFBIalU4X3AxZ2RpY2hGekdQaU4xSjB3RXFOMVJPSV9FNkdyZUJ0NFR1STI0a19LNXhYQVluMmhzWEd3b3cxc2k1SURhZkJNY0tZN3RZRFRCZlpqVFB5ak05Y3NnQzVYdHFrV0U?oc=5"" target=""_blank"">फुहार की तरह झरता रहा कोहरा, बढ़ी ठंड और गलन</a>&nbsp;&nbsp;<font color=""#6f6f6f"">Hindustan</font>",Disaster,hi
घने कोहरे संग कड़ाके की सर्दी से बढ़ी ठिठुरन - Hindustan,https://news.google.com/rss/articles/CBMi6gFBVV95cUxPejNnZTNTc002NjY2OUFISGh4RHJFelltQ1NzODVpTXpxQTZvRC1GU2o1RDNjc0xYTlpjS3lYblFyOThoY25rMHkwWmhrR3JaU21vR0stR1gxMnJEWjV6eFI0VjlBaVgybWc0ZlN4YkJQRnpEREhUV2dpNWdtRmZzb2RfejBGX25JdUpNeUVVTTlXdHlEbWdHZW1qMHF4Yy1JVTVtdjN5cEVOdmhGRFNxYVRJQVpmcVRKQWp4ampSTy1OcmpOU182YTMwdkFPaU4yRDVVaVhhUERSeXhlM1JDWERkMmZFdTNCM1HSAeoBQVVfeXFMT3ozZ2UzU3NNNjY2NjlBSEhoeERyRXpZbUNTczg1aU16cUE2b0QtRlNqNUQzY3NMWE5aY0t5WG5Rcjk4aGNuazB5MFpoa0dyWlNtb0dLLUdYMTJyRFo1enhSNFY5QWlYMm1nNGZTeGJCUEZ6RERIVFdnaTVnbUZmc29kX3owRl9uSXVKTXlFVU05V3R5RG1nR2VtajBxeGMtSVU1bXYzeXBFTnZoRkRTcWFUSUFaZnFUSkFqeGpqUk8tTnJqTlNfNmEzMHZBT2lOMkQ1VWlYYVBEUnl4ZTNSQ1hEZDJmRXUzQjNR?oc=5,2025-12-18 13:03:22,Hindustan,"<a href=""https://news.google.com/rss/articles/CBMi6gFBVV95cUxPejNnZTNTc002NjY2OUFISGh4RHJFelltQ1NzODVpTXpxQTZvRC1GU2o1RDNjc0xYTlpjS3lYblFyOThoY25rMHkwWmhrR3JaU21vR0stR1gxMnJEWjV6eFI0VjlBaVgybWc0ZlN4YkJQRnpEREhUV2dpNWdtRmZzb2RfejBGX25JdUpNeUVVTTlXdHlEbWdHZW1qMHF4Yy1JVTVtdjN5cEVOdmhGRFNxYVRJQVpmcVRKQWp4ampSTy1OcmpOU182YTMwdkFPaU4yRDVVaVhhUERSeXhlM1JDWERkMmZFdTNCM1HSAeoBQVVfeXFMT3ozZ2UzU3NNNjY2NjlBSEhoeERyRXpZbUNTczg1aU16cUE2b0QtRlNqNUQzY3NMWE5aY0t5WG5Rcjk4aGNuazB5MFpoa0dyWlNtb0dLLUdYMTJyRFo1enhSNFY5QWlYMm1nNGZTeGJCUEZ6RERIVFdnaTVnbUZmc29kX3owRl9uSXVKTXlFVU05V3R5RG1nR2VtajBxeGMtSVU1bXYzeXBFTnZoRkRTcWFUSUFaZnFUSkFqeGpqUk8tTnJqTlNfNmEzMHZBT2lOMkQ1VWlYYVBEUnl4ZTNSQ1hEZDJmRXUzQjNR?oc=5"" target=""_blank"">घने कोहरे संग कड़ाके की सर्दी से बढ़ी ठिठुरन</a>&nbsp;&nbsp;<font color=""#6f6f6f"">Hindustan</font>",Disaster,hi
"ठंड का कहर : कोहरे में ढंका रहा हाईवे, राहगीर हुए हलकान - Hindustan",https://news.google.com/rss/articles/CBMi-gFBVV95cUxNOGw1TnhSb29IZ3BGajFXTTJEMThOcG50VG4yVkxyVUZVaDJOTXQzcUJPYXd5R09DMlJ0SDM3UUJWeFhBVVkxbXQtd2JTVV9fTEx1UzBpeDQtWlRzSWJIbzBOU0FxZ09ac25KaFVQbENBX1VlSnNMQXNuNWd6a01hdzI2blVTcnNfTk13eUNRWHBXNGxMa0U4bWtJQUtsUG9tQmd2bGNIOS1IYUYza1B0aVF5cElWcE9OaFpocDd4WGduQ1dXaklxblV5alcxdjhubW9WaEM0UDlNUHRqUkpsWEtoMTBXdkg5S1BoV1hlZ1VGMUk4S3BONXhB0gH6AUFVX3lxTE04bDVOeFJvb0hncEZqMVdNMkQxOE5wbnRUbjJWTHJVRlVoMk5NdDNxQk9hd3lHT0MyUnRIMzdRQlZ4WEFVWTFtdC13YlNVX19MTHVTMGl4NC1aVHNJYkhvME5TQXFnT1pzbkpoVVBsQ0FfVWVKc0xBc241Z3prTWF3MjZuVVNyc19OTXd5Q1FYcFc0bExrRThta0lBS2xQb21CZ3ZsY0g5LUhhRjNrUHRpUXlwSVZwT05oWmhwN3hYZ25DV1dqSXFuVXlqVzF2OG5tb1ZoQzRQOU1QdGpSSmxYS2gxMFd2SDlLUGhXWGVnVUYxSThLcE41eEE?oc=5,2025-12-18 11:39:21,Hindustan,"<a href=""https://news.google.com/rss/articles/CBMi-gFBVV95cUxNOGw1TnhSb29IZ3BGajFXTTJEMThOcG50VG4yVkxyVUZVaDJOTXQzcUJPYXd5R09DMlJ0SDM3UUJWeFhBVVkxbXQtd2JTVV9fTEx1UzBpeDQtWlRzSWJIbzBOU0FxZ09ac25KaFVQbENBX1VlSnNMQXNuNWd6a01hdzI2blVTcnNfTk13eUNRWHBXNGxMa0U4bWtJQUtsUG9tQmd2bGNIOS1IYUYza1B0aVF5cElWcE9OaFpocDd4WGduQ1dXaklxblV5alcxdjhubW9WaEM0UDlNUHRqUkpsWEtoMTBXdkg5S1BoV1hlZ1VGMUk4S3BONXhB0gH6AUFVX3lxTE04bDVOeFJvb0hncEZqMVdNMkQxOE5wbnRUbjJWTHJVRlVoMk5NdDNxQk9hd3lHT0MyUnRIMzdRQlZ4WEFVWTFtdC13YlNVX19MTHVTMGl4NC1aVHNJYkhvME5TQXFnT1pzbkpoVVBsQ0FfVWVKc0xBc241Z3prTWF3MjZuVVNyc19OTXd5Q1FYcFc0bExrRThta0lBS2xQb21CZ3ZsY0g5LUhhRjNrUHRpUXlwSVZwT05oWmhwN3hYZ25DV1dqSXFuVXlqVzF2OG5tb1ZoQzRQOU1QdGpSSmxYS2gxMFd2SDlLUGhXWGVnVUYxSThLcE41eEE?oc=5"" target=""_blank"">ठंड का कहर : कोहरे में ढंका रहा हाईवे, राहगीर हुए हलकान</a>&nbsp;&nbsp;<font color=""#6f6f6f"">Hindustan</font>",Disaster,hi
"धर्मपुर लेबर चौक पर अलाव का इंतजाम नहीं, ठिठुर रहे मजदूर - Hindustan",https://news.google.com/rss/articles/CBMi5gFBVV95cUxNNFpqVlh6ZnpwNVZLN05Gd2ZaaDhWUXdBX1Z5S3BYZF9vME1ZR2RQMHh2LWlWVHJYLW9IYjNCVXBRY01RYk9JUE1oU2VQM2RDY3ZlYWd4UmFpZW81cUNEZG9kUWNyMzNjUGFManc3M2FmOUJZT2FnNzBxS19JQkMzWTFkek9LeG9uSWwzRHpqOWMxME9RRXpfdGRjX0gwQ042aDFYY29oNzB6VlYyRnNOWndCaDR1UTJFVGw3TkNJaFRhNzQzbThPemdLWmxjOHQ3V3pSVC1yWGRuX0dTN1JCNmpwSTVsQdIB5gFBVV95cUxNNFpqVlh6ZnpwNVZLN05Gd2ZaaDhWUXdBX1Z5S3BYZF9vME1ZR2RQMHh2LWlWVHJYLW9IYjNCVXBRY01RYk9JUE1oU2VQM2RDY3ZlYWd4UmFpZW81cUNEZG9kUWNyMzNjUGFManc3M2FmOUJZT2FnNzBxS19JQkMzWTFkek9LeG9uSWwzRHpqOWMxME9RRXpfdGRjX0gwQ042aDFYY29oNzB6VlYyRnNOWndCaDR1UTJFVGw3TkNJaFRhNzQzbThPemdLWmxjOHQ3V3pSVC1yWGRuX0dTN1JCNmpwSTVsQQ?oc=5,2025-12-19 10:00:41,Hindustan,"<a href=""https://news.google.com/rss/articles/CBMi5gFBVV95cUxNNFpqVlh6ZnpwNVZLN05Gd2ZaaDhWUXdBX1Z5S3BYZF9vME1ZR2RQMHh2LWlWVHJYLW9IYjNCVXBRY01RYk9JUE1oU2VQM2RDY3ZlYWd4UmFpZW81cUNEZG9kUWNyMzNjUGFManc3M2FmOUJZT2FnNzBxS19JQkMzWTFkek9LeG9uSWwzRHpqOWMxME9RRXpfdGRjX0gwQ042aDFYY29oNzB6VlYyRnNOWndCaDR1UTJFVGw3TkNJaFRhNzQzbThPemdLWmxjOHQ3V3pSVC1yWGRuX0dTN1JCNmpwSTVsQdIB5gFBVV95cUxNNFpqVlh6ZnpwNVZLN05Gd2ZaaDhWUXdBX1Z5S3BYZF9vME1ZR2RQMHh2LWlWVHJYLW9IYjNCVXBRY01RYk9JUE1oU2VQM2RDY3ZlYWd4UmFpZW81cUNEZG9kUWNyMzNjUGFManc3M2FmOUJZT2FnNzBxS19JQkMzWTFkek9LeG9uSWwzRHpqOWMxME9RRXpfdGRjX0gwQ042aDFYY29oNzB6VlYyRnNOWndCaDR1UTJFVGw3TkNJaFRhNzQzbThPemdLWmxjOHQ3V3pSVC1yWGRuX0dTN1JCNmpwSTVsQQ?oc=5"" target=""_blank"">धर्मपुर लेबर चौक पर अलाव का इंतजाम नहीं, ठिठुर रहे मजदूर</a>&nbsp;&nbsp;<font color=""#6f6f6f"">Hindustan</font>",Disaster,hi
"दिल्ली से एक तिहाई प्रदूषण, बढ़ रहीं खतरनाक गैसें - Hindustan",https://news.google.com/rss/articles/CBMi4gFBVV95cUxQU3hhYkhYVzFLM3AyaTBQbGpoTTlBSnZQeWpsb2huSkpqR01fbkFrRnh6bkVKaEN6M1dhbFJVUkJlek9KQzBvbGlzbXpVLU5CdGhkV1I3MWtaX0dIWmhWM3M0R3RRQzI1Nk9fUF95UWx3RTd4RWFFb1U4a0puT0JWOGNBN0lfWFJnRjBDdTZuYThfZktUazZWc1V6TURQNXRNdnNsaG5feFNwRjVIM2xUeDFiYXpfX3IzQUhSRjd1REgxRHJnNzZJeElaTVNlYnpfRDJfZ0tEcGFfMnQzbzJkb3BB0gHiAUFVX3lxTFBTeGFiSFhXMUszcDJpMFBsamhNOUFKdlB5amxvaG5KSmpHTV9uQWtGeHpuRUpoQ3ozV2FsUlVSQmV6T0pDMG9saXNtelUtTkJ0aGRXUjcxa1pfR0haaFYzczRHdFFDMjU2T19QX3lRbHdFN3hFYUVvVThrSm5PQlY4Y0E3SV9YUmdGMEN1Nm5hOF9mS1RrNlZzVXpNRFA1dE12c2xobl94U3BGNUgzbFR4MWJhel9fcjNBSFJGN3VESDFEcmc3Nkl4SVpNU2Viel9EMl9nS0RwYV8ydDNvMmRvcEE?oc=5,2025-12-18 22:11:31,Hindustan,"<a href=""https://news.google.com/rss/articles/CBMi4gFBVV95cUxQU3hhYkhYVzFLM3AyaTBQbGpoTTlBSnZQeWpsb2huSkpqR01fbkFrRnh6bkVKaEN6M1dhbFJVUkJlek9KQzBvbGlzbXpVLU5CdGhkV1I3MWtaX0dIWmhWM3M0R3RRQzI1Nk9fUF95UWx3RTd4RWFFb1U4a0puT0JWOGNBN0lfWFJnRjBDdTZuYThfZktUazZWc1V6TURQNXRNdnNsaG5feFNwRjVIM2xUeDFiYXpfX3IzQUhSRjd1REgxRHJnNzZJeElaTVNlYnpfRDJfZ0tEcGFfMnQzbzJkb3BB0gHiAUFVX3lxTFBTeGFiSFhXMUszcDJpMFBsamhNOUFKdlB5amxvaG5KSmpHTV9uQWtGeHpuRUpoQ3ozV2FsUlVSQmV6T0pDMG9saXNtelUtTkJ0aGRXUjcxa1pfR0haaFYzczRHdFFDMjU2T19QX3lRbHdFN3hFYUVvVThrSm5PQlY4Y0E3SV9YUmdGMEN1Nm5hOF9mS1RrNlZzVXpNRFA1dE12c2xobl94U3BGNUgzbFR4MWJhel9fcjNBSFJGN3VESDFEcmc3Nkl4SVpNU2Viel9EMl9nS0RwYV8ydDNvMmRvcEE?oc=5"" target=""_blank"">दिल्ली से एक तिहाई प्रदूषण, बढ़ रहीं खतरनाक गैसें</a>&nbsp;&nbsp;<font color=""#6f6f6f"">Hindustan</font>",Disaster,hi
"कोहरे ने रोकी रफ्तार, अभी चार दिन राहत नहीं - Hindustan",https://news.google.com/rss/articles/CBMi7wFBVV95cUxPMkNUbmdGQ0FoeHg4TzZxYnBCc0gtRmFsTlZyRTJSZjl1T2M0a3NFajlCUUtfWUZnb2Vod3YxVkJmaXRpSXdUNmxGVzJrajZKNEFJNkl5bmtEZUdVWk02X1lrbUFPOFA5VmkteVFxUWdqTzVTZzloLUpIUzc1M19fUDBHZk1RdEsxTUJ4c0JuTHVNU2FJakVnQVZsQ0JfejRCcWlxOGMtMHhTYkM5WWlDQzJUVHlGckozM2pNVVoyQTI5a21OaFluQXZjYTc1NVFxLWF3aUFzQWxHVi1JOXZ3dFN5d0twSTY2cVIyNUJkb9IB7wFBVV95cUxPMkNUbmdGQ0FoeHg4TzZxYnBCc0gtRmFsTlZyRTJSZjl1T2M0a3NFajlCUUtfWUZnb2Vod3YxVkJmaXRpSXdUNmxGVzJrajZKNEFJNkl5bmtEZUdVWk02X1lrbUFPOFA5VmkteVFxUWdqTzVTZzloLUpIUzc1M19fUDBHZk1RdEsxTUJ4c0JuTHVNU2FJakVnQVZsQ0JfejRCcWlxOGMtMHhTYkM5WWlDQzJUVHlGckozM2pNVVoyQTI5a21OaFluQXZjYTc1NVFxLWF3aUFzQWxHVi1JOXZ3dFN5d0twSTY2cVIyNUJkbw?oc=5,2025-12-19 02:24:31,Hindustan,"<a href=""https://news.google.com/rss/articles/CBMi7wFBVV95cUxPMkNUbmdGQ0FoeHg4TzZxYnBCc0gtRmFsTlZyRTJSZjl1T2M0a3NFajlCUUtfWUZnb2Vod3YxVkJmaXRpSXdUNmxGVzJrajZKNEFJNkl5bmtEZUdVWk02X1lrbUFPOFA5VmkteVFxUWdqTzVTZzloLUpIUzc1M19fUDBHZk1RdEsxTUJ4c0JuTHVNU2FJakVnQVZsQ0JfejRCcWlxOGMtMHhTYkM5WWlDQzJUVHlGckozM2pNVVoyQTI5a21OaFluQXZjYTc1NVFxLWF3aUFzQWxHVi1JOXZ3dFN5d0twSTY2cVIyNUJkb9IB7wFBVV95cUxPMkNUbmdGQ0FoeHg4TzZxYnBCc0gtRmFsTlZyRTJSZjl1T2M0a3NFajlCUUtfWUZnb2Vod3YxVkJmaXRpSXdUNmxGVzJrajZKNEFJNkl5bmtEZUdVWk02X1lrbUFPOFA5VmkteVFxUWdqTzVTZzloLUpIUzc1M19fUDBHZk1RdEsxTUJ4c0JuTHVNU2FJakVnQVZsQ0JfejRCcWlxOGMtMHhTYkM5WWlDQzJUVHlGckozM2pNVVoyQTI5a21OaFluQXZjYTc1NVFxLWF3aUFzQWxHVi1JOXZ3dFN5d0twSTY2cVIyNUJkbw?oc=5"" target=""_blank"">कोहरे ने रोकी रफ्तार, अभी चार दिन राहत नहीं</a>&nbsp;&nbsp;<font color=""#6f6f6f"">Hindustan</font>",Disaster,hi
शहर में 320 स्थानों में से महज 53 पर जलाए गए अलाव - Hindustan,https://news.google.com/rss/articles/CBMi5AFBVV95cUxQZG5EQVhMTHZWRmV0RC1Vc3BJamxsWnFGd0ZDUTRkYmhDejNKanFia081WHFvSHZnMzdxZUluSE9vdkVhUlVhMkx4UHZKUGpPREZIQlF6Sm5UQUNIc3JpQmV3ZzJRTndVa3E5YTdGM0ttRU9aX1VsdlczV0Q5Nk5tU1l0aWhLTTRqODJ3a3VaOGJTeTloWFIyTG02TXQzTmNFQU91QkVBVkt2RlMwQjhhRUtweWJmblVKTDB5QTlKWm9TTVB3U29kOTc0MUZSWlFpT0h3anNuWU9iNEpmRWR0NTM4MFfSAeQBQVVfeXFMUGRuREFYTEx2VkZldEQtVXNwSWpsbFpxRndGQ1E0ZGJoQ3ozSmpxYmtPNVhxb0h2ZzM3cWVJbkhPb3ZFYVJVYTJMeFB2SlBqT0RGSEJRekpuVEFDSHNyaUJld2cyUU53VWtxOWE3RjNLbUVPWl9VbHZXM1dEOTZObVNZdGloS000ajgyd2t1WjhiU3k5aFhSMkxtNk10M05jRUFPdUJFQVZLdkZTMEI4YUVLcHliZm5VSkwweUE5SlpvU01Qd1NvZDk3NDFGUlpRaU9Id2pzbllPYjRKZkVkdDUzODBX?oc=5,2025-12-19 02:41:32,Hindustan,"<a href=""https://news.google.com/rss/articles/CBMi5AFBVV95cUxQZG5EQVhMTHZWRmV0RC1Vc3BJamxsWnFGd0ZDUTRkYmhDejNKanFia081WHFvSHZnMzdxZUluSE9vdkVhUlVhMkx4UHZKUGpPREZIQlF6Sm5UQUNIc3JpQmV3ZzJRTndVa3E5YTdGM0ttRU9aX1VsdlczV0Q5Nk5tU1l0aWhLTTRqODJ3a3VaOGJTeTloWFIyTG02TXQzTmNFQU91QkVBVkt2RlMwQjhhRUtweWJmblVKTDB5QTlKWm9TTVB3U29kOTc0MUZSWlFpT0h3anNuWU9iNEpmRWR0NTM4MFfSAeQBQVVfeXFMUGRuREFYTEx2VkZldEQtVXNwSWpsbFpxRndGQ1E0ZGJoQ3ozSmpxYmtPNVhxb0h2ZzM3cWVJbkhPb3ZFYVJVYTJMeFB2SlBqT0RGSEJRekpuVEFDSHNyaUJld2cyUU53VWtxOWE3RjNLbUVPWl9VbHZXM1dEOTZObVNZdGloS000ajgyd2t1WjhiU3k5aFhSMkxtNk10M05jRUFPdUJFQVZLdkZTMEI4YUVLcHliZm5VSkwweUE5SlpvU01Qd1NvZDk3NDFGUlpRaU9Id2pzbllPYjRKZkVkdDUzODBX?oc=5"" target=""_blank"">शहर में 320 स्थानों में से महज 53 पर जलाए गए अलाव</a>&nbsp;&nbsp;<font color=""#6f6f6f"">Hindustan</font>",Disaster,hi
"दिसंबर का अब तक सबसे सर्द दिन रहा गुरुवार, कोहरे ने थामी रफ्तार - Hindustan",https://news.google.com/rss/articles/CBMi1AFBVV95cUxOdExSMjlXUUlmMUk4WkZwYVgzRDU0Y0pBT0xQOE9ibGFnejhaRnF5ZlBwXzVHNU56VGVwY29EVFZwMDFEa3RUOTNlbTkyWFJUTGdYSUJqdkh6LVBRMnRpSFJHVk1jUzV6WlNTX25qZUV5cFRkYkpESVQ4aXJvSWVUY1dRRS1NSDAtMEx4QjhaWld4UHBRaGwwcTlYcmZXYXh6c1llYTBJa2V4NFJOWnpQeUlxRTlJRWNwZmZUbGRQQVZRRFJUNVZnV2s0eUY2ZHp4R29YNdIB1AFBVV95cUxOdExSMjlXUUlmMUk4WkZwYVgzRDU0Y0pBT0xQOE9ibGFnejhaRnF5ZlBwXzVHNU56VGVwY29EVFZwMDFEa3RUOTNlbTkyWFJUTGdYSUJqdkh6LVBRMnRpSFJHVk1jUzV6WlNTX25qZUV5cFRkYkpESVQ4aXJvSWVUY1dRRS1NSDAtMEx4QjhaWld4UHBRaGwwcTlYcmZXYXh6c1llYTBJa2V4NFJOWnpQeUlxRTlJRWNwZmZUbGRQQVZRRFJUNVZnV2s0eUY2ZHp4R29YNQ?oc=5,2025-12-18 23:48:30,Hindustan,"<a href=""https://news.google.com/rss/articles/CBMi1AFBVV95cUxOdExSMjlXUUlmMUk4WkZwYVgzRDU0Y0pBT0xQOE9ibGFnejhaRnF5ZlBwXzVHNU56VGVwY29EVFZwMDFEa3RUOTNlbTkyWFJUTGdYSUJqdkh6LVBRMnRpSFJHVk1jUzV6WlNTX25qZUV5cFRkYkpESVQ4aXJvSWVUY1dRRS1NSDAtMEx4QjhaWld4UHBRaGwwcTlYcmZXYXh6c1llYTBJa2V4NFJOWnpQeUlxRTlJRWNwZmZUbGRQQVZRRFJUNVZnV2s0eUY2ZHp4R29YNdIB1AFBVV95cUxOdExSMjlXUUlmMUk4WkZwYVgzRDU0Y0pBT0xQOE9ibGFnejhaRnF5ZlBwXzVHNU56VGVwY29EVFZwMDFEa3RUOTNlbTkyWFJUTGdYSUJqdkh6LVBRMnRpSFJHVk1jUzV6WlNTX25qZUV5cFRkYkpESVQ4aXJvSWVUY1dRRS1NSDAtMEx4QjhaWld4UHBRaGwwcTlYcmZXYXh6c1llYTBJa2V4NFJOWnpQeUlxRTlJRWNwZmZUbGRQQVZRRFJUNVZnV2s0eUY2ZHp4R29YNQ?oc=5"" target=""_blank"">दिसंबर का अब तक सबसे सर्द दिन रहा गुरुवार, कोहरे ने थामी रफ्तार</a>&nbsp;&nbsp;<font color=""#6f6f6f"">Hindustan</font>",Disaster,hi
शीत लहर के चलते विद्यालयों में दो दिन का अवकाश घोषित - Hindustan,https://news.google.com/rss/articles/CBMi2wFBVV95cUxNVzBMYmpBbzYxS2xrMTE3SW9MQTlpdExCZ3JhNE9fMTRleXdJRmlHc04xVG1WNk1FSXQ1UWthdmFSd1RrbG05d0JjaDFRd2RaUWpYMWMxcUszUjRiNnFoY0tqMmhCZXdHTDl6SE1NWmtsb1JGLUhkMTVrYWlQN3hoZ0VTR0ViQ29uejlFUzhlOGxUR21GVWxyVkxxaHNORmRibXd4YThMT3VBR3kybDc5NUU5MURUdDNTMXZqVG96dS1jNlVyY3V4WVgzZzNUTmM0TF9MN0x4eUJIeTDSAdsBQVVfeXFMTVcwTGJqQW82MUtsazExN0lvTEE5aXRMQmdyYTRPXzE0ZXl3SUZpR3NOMVRtVjZNRUl0NVFrYXZhUndUa2xtOXdCY2gxUXdkWlFqWDFjMXFLM1I0YjZxaGNLajJoQmV3R0w5ekhNTVprbG9SRi1IZDE1a2FpUDd4aGdFU0dFYkNvbno5RVM4ZThsVEdtRlVsclZMcWhzTkZkYm13eGE4TE91QUd5Mmw3OTVFOTFEVHQzUzF2alRvenUtYzZVcmN1eFlYM2czVE5jNExfTDdMeHlCSHkw?oc=5,2025-12-19 00:03:30,Hindustan,"<a href=""https://news.google.com/rss/articles/CBMi2wFBVV95cUxNVzBMYmpBbzYxS2xrMTE3SW9MQTlpdExCZ3JhNE9fMTRleXdJRmlHc04xVG1WNk1FSXQ1UWthdmFSd1RrbG05d0JjaDFRd2RaUWpYMWMxcUszUjRiNnFoY0tqMmhCZXdHTDl6SE1NWmtsb1JGLUhkMTVrYWlQN3hoZ0VTR0ViQ29uejlFUzhlOGxUR21GVWxyVkxxaHNORmRibXd4YThMT3VBR3kybDc5NUU5MURUdDNTMXZqVG96dS1jNlVyY3V4WVgzZzNUTmM0TF9MN0x4eUJIeTDSAdsBQVVfeXFMTVcwTGJqQW82MUtsazExN0lvTEE5aXRMQmdyYTRPXzE0ZXl3SUZpR3NOMVRtVjZNRUl0NVFrYXZhUndUa2xtOXdCY2gxUXdkWlFqWDFjMXFLM1I0YjZxaGNLajJoQmV3R0w5ekhNTVprbG9SRi1IZDE1a2FpUDd4aGdFU0dFYkNvbno5RVM4ZThsVEdtRlVsclZMcWhzTkZkYm13eGE4TE91QUd5Mmw3OTVFOTFEVHQzUzF2alRvenUtYzZVcmN1eFlYM2czVE5jNExfTDdMeHlCSHkw?oc=5"" target=""_blank"">शीत लहर के चलते विद्यालयों में दो दिन का अवकाश घोषित</a>&nbsp;&nbsp;<font color=""#6f6f6f"">Hindustan</font>",Disaster,hi
सर्दी:: कोहरे ने लगाया ट्रेनों की रफ्तार पर ब्रेक - Hindustan,https://news.google.com/rss/articles/CBMi3AFBVV95cUxPNk5JNldVREZaM1JhQTVsZkZLRUpqRnhwSjNCaFp1LVpBeXdvWlFlSURnMmtTR0FqaWJmMDNnclBNOTVNT2ZNVmVtZmRubFJsTUtPaHlUSS1VbEZ6aXBJcGk4NVF0MkxYd01jdFFHNml3RFR6VnZsMVhBNnJacXlYSF92UkFIWlFRWkJsNGpObU8xR25KYkpYaXRKeDRCd3o4cU9hdEpSVjdRWWJOMXlzUW80VF9sTW9oa1oxWklzOWdFdHBsOHdGTWdMUWk1OUZ2cEEyMG1zZUZCVGFS0gHcAUFVX3lxTE82Tkk2V1VERlozUmFBNWxmRktFSmpGeHBKM0JoWnUtWkF5d29aUWVJRGcya1NHQWppYmYwM2dyUE05NU1PZk1WZW1mZG5sUmxNS09oeVRJLVVsRnppcElwaTg1UXQyTFh3TWN0UUc2aXdEVHpWdmwxWEE2clpxeVhIX3ZSQUhaUVFaQmw0ak5tTzFHbkpiSlhpdEp4NEJ3ejhxT2F0SlJWN1FZYk4xeXNRbzRUX2xNb2hrWjFaSXM5Z0V0cGw4d0ZNZ0xRaTU5RnZwQTIwbXNlRkJUYVI?oc=5,2025-12-18 23:39:02,Hindustan,"<a href=""https://news.google.com/rss/articles/CBMi3AFBVV95cUxPNk5JNldVREZaM1JhQTVsZkZLRUpqRnhwSjNCaFp1LVpBeXdvWlFlSURnMmtTR0FqaWJmMDNnclBNOTVNT2ZNVmVtZmRubFJsTUtPaHlUSS1VbEZ6aXBJcGk4NVF0MkxYd01jdFFHNml3RFR6VnZsMVhBNnJacXlYSF92UkFIWlFRWkJsNGpObU8xR25KYkpYaXRKeDRCd3o4cU9hdEpSVjdRWWJOMXlzUW80VF9sTW9oa1oxWklzOWdFdHBsOHdGTWdMUWk1OUZ2cEEyMG1zZUZCVGFS0gHcAUFVX3lxTE82Tkk2V1VERlozUmFBNWxmRktFSmpGeHBKM0JoWnUtWkF5d29aUWVJRGcya1NHQWppYmYwM2dyUE05NU1PZk1WZW1mZG5sUmxNS09oeVRJLVVsRnppcElwaTg1UXQyTFh3TWN0UUc2aXdEVHpWdmwxWEE2clpxeVhIX3ZSQUhaUVFaQmw0ak5tTzFHbkpiSlhpdEp4NEJ3ejhxT2F0SlJWN1FZYk4xeXNRbzRUX2xNb2hrWjFaSXM5Z0V0cGw4d0ZNZ0xRaTU5RnZwQTIwbXNlRkJUYVI?oc=5"" target=""_blank"">सर्दी:: कोहरे ने लगाया ट्रेनों की रफ्तार पर ब्रेक</a>&nbsp;&nbsp;<font color=""#6f6f6f"">Hindustan</font>",Disaster,hi
"हाड़ कंपा रही सर्दी, नौ डिग्री सेल्सियस पर पहुंचा न्यूनतम तापमान - Hindustan",https://news.google.com/rss/articles/CBMi2wFBVV95cUxNeE5qZ3VsNEZoVnY3d3dST1JwbzhEZzNIa2p3c1g5aDBxQzR6LWpGMF9rU1ZMYXYwUHpHMkxPNzA2bjNhU18xSml5b0pBQzlsNkpmal9ham42YTRkTkFmWXpVSWp1MkY2RmxPelhYRmY1WEtIdW9haHdzeHdrUEF0cHAwdElLMkU1MUR3MG9iWnlxOUhocUNIeVRIaEdkcHdYcmxjM0lYcTZKNkpKTXk0VU1GcmVYTXhuSV9LTHZSdjh6ckhiY3hpWmJaeHE4UzZUdExWYXJpMkhNaVnSAdsBQVVfeXFMTXhOamd1bDRGaFZ2N3d3Uk9ScG84RGczSGtqd3NYOWgwcUM0ei1qRjBfa1NWTGF2MFB6RzJMTzcwNm4zYVNfMUppeW9KQUM5bDZKZmpfYWpuNmE0ZE5BZll6VUlqdTJGNkZsT3pYWEZmNVhLSHVvYWh3c3h3a1BBdHBwMHRJSzJFNTFEdzBvYlp5cTlIaHFDSHlUSGhHZHB3WHJsYzNJWHE2SjZKSk15NFVNRnJlWE14bklfS0x2UnY4enJIYmN4aVpiWnhxOFM2VHRMVmFyaTJITWlZ?oc=5,2025-12-19 01:23:46,Hindustan,"<a href=""https://news.google.com/rss/articles/CBMi2wFBVV95cUxNeE5qZ3VsNEZoVnY3d3dST1JwbzhEZzNIa2p3c1g5aDBxQzR6LWpGMF9rU1ZMYXYwUHpHMkxPNzA2bjNhU18xSml5b0pBQzlsNkpmal9ham42YTRkTkFmWXpVSWp1MkY2RmxPelhYRmY1WEtIdW9haHdzeHdrUEF0cHAwdElLMkU1MUR3MG9iWnlxOUhocUNIeVRIaEdkcHdYcmxjM0lYcTZKNkpKTXk0VU1GcmVYTXhuSV9LTHZSdjh6ckhiY3hpWmJaeHE4UzZUdExWYXJpMkhNaVnSAdsBQVVfeXFMTXhOamd1bDRGaFZ2N3d3Uk9ScG84RGczSGtqd3NYOWgwcUM0ei1qRjBfa1NWTGF2MFB6RzJMTzcwNm4zYVNfMUppeW9KQUM5bDZKZmpfYWpuNmE0ZE5BZll6VUlqdTJGNkZsT3pYWEZmNVhLSHVvYWh3c3h3a1BBdHBwMHRJSzJFNTFEdzBvYlp5cTlIaHFDSHlUSGhHZHB3WHJsYzNJWHE2SjZKSk15NFVNRnJlWE14bklfS0x2UnY4enJIYmN4aVpiWnhxOFM2VHRMVmFyaTJITWlZ?oc=5"" target=""_blank"">हाड़ कंपा रही सर्दी, नौ डिग्री सेल्सियस पर पहुंचा न्यूनतम तापमान</a>&nbsp;&nbsp;<font color=""#6f6f6f"">Hindustan</font>",Disaster,hi
"दिल्ली से आ रही फ्लाइट रास्ते से लौटी, मुम्बई से आने वाली जयपुर डायवर्ट - Hindustan",https://news.google.com/rss/articles/CBMi2AFBVV95cUxPZmZLV084cVRCUGhta0hTWWtTMGMtX1hsd19YZFpLT0czOXFRSEhXZFM0M0FRTTQ2SzlWNXRBeGgyNlZ2VThuSDBaSFZVTUpVUXQtV2FyV25rSTdEdU4zVWppZkdPR2tuVWhqY2RNVjNESVN1UTNiZklKLXU0R1dTSG81N1c1VzRGVlAxbDRqY3FIazhlaVl0TnFZdEF1T0Jaa1V1YTBxbEJlek9LN0pDNkc1LXhveW9NRjZDV3dOQkhKejJTYlo3WFR1bUx2R05kQnZ6eW5EMWXSAdgBQVVfeXFMT2ZmS1dPOHFUQlBobWtIU1lrUzBjLV9YbHdfWGRaS09HMzlxUUhIV2RTNDNBUU00Nks5VjV0QXhoMjZWdlU4bkgwWkhWVU1KVVF0LVdhcldua0k3RHVOM1VqaWZHT0drblVoamNkTVYzRElTdVEzYmZJSi11NEdXU0hvNTdXNVc0RlZQMWw0amNxSGs4ZWlZdE5xWXRBdU9CWmtVdWEwcWxCZXpPSzdKQzZHNS14b3lvTUY2Q1d3TkJISnoyU2JaN1hUdW1MdkdOZEJ2enluRDFl?oc=5,2025-12-19 02:15:49,Hindustan,"<a href=""https://news.google.com/rss/articles/CBMi2AFBVV95cUxPZmZLV084cVRCUGhta0hTWWtTMGMtX1hsd19YZFpLT0czOXFRSEhXZFM0M0FRTTQ2SzlWNXRBeGgyNlZ2VThuSDBaSFZVTUpVUXQtV2FyV25rSTdEdU4zVWppZkdPR2tuVWhqY2RNVjNESVN1UTNiZklKLXU0R1dTSG81N1c1VzRGVlAxbDRqY3FIazhlaVl0TnFZdEF1T0Jaa1V1YTBxbEJlek9LN0pDNkc1LXhveW9NRjZDV3dOQkhKejJTYlo3WFR1bUx2R05kQnZ6eW5EMWXSAdgBQVVfeXFMT2ZmS1dPOHFUQlBobWtIU1lrUzBjLV9YbHdfWGRaS09HMzlxUUhIV2RTNDNBUU00Nks5VjV0QXhoMjZWdlU4bkgwWkhWVU1KVVF0LVdhcldua0k3RHVOM1VqaWZHT0drblVoamNkTVYzRElTdVEzYmZJSi11NEdXU0hvNTdXNVc0RlZQMWw0amNxSGs4ZWlZdE5xWXRBdU9CWmtVdWEwcWxCZXpPSzdKQzZHNS14b3lvTUY2Q1d3TkJISnoyU2JaN1hUdW1MdkdOZEJ2enluRDFl?oc=5"" target=""_blank"">दिल्ली से आ रही फ्लाइट रास्ते से लौटी, मुम्बई से आने वाली जयपुर डायवर्ट</a>&nbsp;&nbsp;<font color=""#6f6f6f"">Hindustan</font>",Disaster,hi
"कोहरे ने किया गलन भरी ठंड में इजाफा, नहीं जल रहे अलाव - Hindustan",https://news.google.com/rss/articles/CBMi_wFBVV95cUxQOTM0RzJ2VkNqZ19lSlczTS1fWFlCSEhKd0ROZDdvcTlTNkdraVU1ZWozV2J5TjNpYlp5Q0lOQU9tYTJwOHRzUWdqRzlYQWd4ODNWUVVCRTJaam9Ta2xpN1lBdVpDZl9DME9xaU1RWHhMZlRDWk1qUFJnZzRTYWlUQjY1YS1Pd2E2SlZDVmF5cnVhZ1VkMFdUOWRieEd4TUp3Mlh4Y1oxV09MY1BrcE9aS1EwWkRCVW8tdzVfS2prN0wyM0NLQUVTM3pjRUJMTFdfc1BrSFI0djd3eG9LYnB3N2lmaXNvQ1Z3cUJwTmZUV1pkekd5QmVvZVphU043aDjSAf8BQVVfeXFMUDkzNEcydlZDamdfZUpXM00tX1hZQkhISndETmQ3b3E5UzZHa2lVNWVqM1dieU4zaWJaeUNJTkFPbWEycDh0c1Fnakc5WEFneDgzVlFVQkUyWmpvU2tsaTdZQXVaQ2ZfQzBPcWlNUVh4TGZUQ1pNalBSZ2c0U2FpVEI2NWEtT3dhNkpWQ1ZheXJ1YWdVZDBXVDlkYnhHeE1KdzJYeGNaMVdPTGNQa3BPWktRMFpEQlVvLXc1X0tqazdMMjNDS0FFUzN6Y0VCTExXX3NQa0hSNHY3d3hvS2JwdzdpZmlzb0NWd3FCcE5mVFdaZHpHeUJlb2VaYVNON2g4?oc=5,2025-12-19 02:04:45,Hindustan,"<a href=""https://news.google.com/rss/articles/CBMi_wFBVV95cUxQOTM0RzJ2VkNqZ19lSlczTS1fWFlCSEhKd0ROZDdvcTlTNkdraVU1ZWozV2J5TjNpYlp5Q0lOQU9tYTJwOHRzUWdqRzlYQWd4ODNWUVVCRTJaam9Ta2xpN1lBdVpDZl9DME9xaU1RWHhMZlRDWk1qUFJnZzRTYWlUQjY1YS1Pd2E2SlZDVmF5cnVhZ1VkMFdUOWRieEd4TUp3Mlh4Y1oxV09MY1BrcE9aS1EwWkRCVW8tdzVfS2prN0wyM0NLQUVTM3pjRUJMTFdfc1BrSFI0djd3eG9LYnB3N2lmaXNvQ1Z3cUJwTmZUV1pkekd5QmVvZVphU043aDjSAf8BQVVfeXFMUDkzNEcydlZDamdfZUpXM00tX1hZQkhISndETmQ3b3E5UzZHa2lVNWVqM1dieU4zaWJaeUNJTkFPbWEycDh0c1Fnakc5WEFneDgzVlFVQkUyWmpvU2tsaTdZQXVaQ2ZfQzBPcWlNUVh4TGZUQ1pNalBSZ2c0U2FpVEI2NWEtT3dhNkpWQ1ZheXJ1YWdVZDBXVDlkYnhHeE1KdzJYeGNaMVdPTGNQa3BPWktRMFpEQlVvLXc1X0tqazdMMjNDS0FFUzN6Y0VCTExXX3NQa0hSNHY3d3hvS2JwdzdpZmlzb0NWd3FCcE5mVFdaZHpHeUJlb2VaYVNON2g4?oc=5"" target=""_blank"">कोहरे ने किया गलन भरी ठंड में इजाफा, नहीं जल रहे अलाव</a>&nbsp;&nbsp;<font color=""#6f6f6f"">Hindustan</font>",Disaster,hi
कोहरे की चादर में सर्द हवा से ठिठुरी संगमनगरी - Hindustan,https://news.google.com/rss/articles/CBMi4wFBVV95cUxNRG4yWHFZU0RTUmstOWEwYUlNQXZOTDVrcXBleGd1cXFTaFRFMV9uY1o2MFU1MDJ5SlpwMk1ha3F1Z1ZHSGEyX3ktbEJBUF9QbDZzTURYb0E4V25pWGhNRDhLMHRxRnhuSUVUWGE1UGF2dm0yWEN4SjNhMmFNeENlTFRDWV8xYTRuQkluVjhscVIxZDVaUXM0cDRqZmNHdTZXcnBjZFc3Z3VhNFR4b1FkNHgzaXlzQUpPU3ZydV9LMXFJdjhNOW1JNzdWTFlzcXJlNl9JMG94cUYwdVotUHlHdkUxTdIB4wFBVV95cUxNRG4yWHFZU0RTUmstOWEwYUlNQXZOTDVrcXBleGd1cXFTaFRFMV9uY1o2MFU1MDJ5SlpwMk1ha3F1Z1ZHSGEyX3ktbEJBUF9QbDZzTURYb0E4V25pWGhNRDhLMHRxRnhuSUVUWGE1UGF2dm0yWEN4SjNhMmFNeENlTFRDWV8xYTRuQkluVjhscVIxZDVaUXM0cDRqZmNHdTZXcnBjZFc3Z3VhNFR4b1FkNHgzaXlzQUpPU3ZydV9LMXFJdjhNOW1JNzdWTFlzcXJlNl9JMG94cUYwdVotUHlHdkUxTQ?oc=5,2025-12-18 19:38:49,Hindustan,"<a href=""https://news.google.com/rss/articles/CBMi4wFBVV95cUxNRG4yWHFZU0RTUmstOWEwYUlNQXZOTDVrcXBleGd1cXFTaFRFMV9uY1o2MFU1MDJ5SlpwMk1ha3F1Z1ZHSGEyX3ktbEJBUF9QbDZzTURYb0E4V25pWGhNRDhLMHRxRnhuSUVUWGE1UGF2dm0yWEN4SjNhMmFNeENlTFRDWV8xYTRuQkluVjhscVIxZDVaUXM0cDRqZmNHdTZXcnBjZFc3Z3VhNFR4b1FkNHgzaXlzQUpPU3ZydV9LMXFJdjhNOW1JNzdWTFlzcXJlNl9JMG94cUYwdVotUHlHdkUxTdIB4wFBVV95cUxNRG4yWHFZU0RTUmstOWEwYUlNQXZOTDVrcXBleGd1cXFTaFRFMV9uY1o2MFU1MDJ5SlpwMk1ha3F1Z1ZHSGEyX3ktbEJBUF9QbDZzTURYb0E4V25pWGhNRDhLMHRxRnhuSUVUWGE1UGF2dm0yWEN4SjNhMmFNeENlTFRDWV8xYTRuQkluVjhscVIxZDVaUXM0cDRqZmNHdTZXcnBjZFc3Z3VhNFR4b1FkNHgzaXlzQUpPU3ZydV9LMXFJdjhNOW1JNzdWTFlzcXJlNl9JMG94cUYwdVotUHlHdkUxTQ?oc=5"" target=""_blank"">कोहरे की चादर में सर्द हवा से ठिठुरी संगमनगरी</a>&nbsp;&nbsp;<font color=""#6f6f6f"">Hindustan</font>",Disaster,hi
"एचपी गैस एजेंसियों पर सिलेंडर संकट, 20 दिन बाद मिल रही - Hindustan",https://news.google.com/rss/articles/CBMi-gFBVV95cUxNRkFzQUhPM2dDdUdSbng0cW0wWVZTcHlGRHNrQnlzUUZ1UG50YjVHQmY4RDVVS0FGZERPVjRYcmhTSENNdERMNUFlbEdyWjFYZGZFLWxOUjdoa0lZSndwQVpydHE4Zmd2LXd3SWRiaDdUWVBxUllETjNXS2p5cVBDbjB2UEJLUzRkeW5jNUx1X0hwYS16RC1KVWc2VXBJN29EdHRDblFlOTBWRlVkWlgzSWlBb19ka19SYVVaUnNwbTVrLWZZa19hT3hCQnRhZjJodzFTYnJMeW4xZG1jSkdwa2JqVTRjUlRCMnFyYXMwTFNrZmhqUTA3OXBn0gH6AUFVX3lxTE1GQXNBSE8zZ0N1R1JueDRxbTBZVlNweUZEc2tCeXNRRnVQbnRiNUdCZjhENVVLQUZkRE9WNFhyaFNIQ010REw1QWVsR3JaMVhkZkUtbE5SN2hrSVlKd3BBWnJ0cThmZ3Ytd3dJZGJoN1RZUHFSWUROM1dLanlxUENuMHZQQktTNGR5bmM1THVfSHBhLXpELUpVZzZVcEk3b0R0dENuUWU5MFZGVWRaWDNJaUFvX2RrX1JhVVpSc3BtNWstZllrX2FPeEJCdGFmMmh3MVNickx5bjFkbWNKR3BrYmpVNGNSVEIycXJhczBMU2tmaGpRMDc5cGc?oc=5,2025-12-19 00:12:38,Hindustan,"<a href=""https://news.google.com/rss/articles/CBMi-gFBVV95cUxNRkFzQUhPM2dDdUdSbng0cW0wWVZTcHlGRHNrQnlzUUZ1UG50YjVHQmY4RDVVS0FGZERPVjRYcmhTSENNdERMNUFlbEdyWjFYZGZFLWxOUjdoa0lZSndwQVpydHE4Zmd2LXd3SWRiaDdUWVBxUllETjNXS2p5cVBDbjB2UEJLUzRkeW5jNUx1X0hwYS16RC1KVWc2VXBJN29EdHRDblFlOTBWRlVkWlgzSWlBb19ka19SYVVaUnNwbTVrLWZZa19hT3hCQnRhZjJodzFTYnJMeW4xZG1jSkdwa2JqVTRjUlRCMnFyYXMwTFNrZmhqUTA3OXBn0gH6AUFVX3lxTE1GQXNBSE8zZ0N1R1JueDRxbTBZVlNweUZEc2tCeXNRRnVQbnRiNUdCZjhENVVLQUZkRE9WNFhyaFNIQ010REw1QWVsR3JaMVhkZkUtbE5SN2hrSVlKd3BBWnJ0cThmZ3Ytd3dJZGJoN1RZUHFSWUROM1dLanlxUENuMHZQQktTNGR5bmM1THVfSHBhLXpELUpVZzZVcEk3b0R0dENuUWU5MFZGVWRaWDNJaUFvX2RrX1JhVVpSc3BtNWstZllrX2FPeEJCdGFmMmh3MVNickx5bjFkbWNKR3BrYmpVNGNSVEIycXJhczBMU2tmaGpRMDc5cGc?oc=5"" target=""_blank"">एचपी गैस एजेंसियों पर सिलेंडर संकट, 20 दिन बाद मिल रही</a>&nbsp;&nbsp;<font color=""#6f6f6f"">Hindustan</font>",Disaster,hi
"कड़ाके की सर्दी, शीतलहर और कोहरे से जनजीवन अस्त व्यस्त - Hindustan",https://news.google.com/rss/articles/CBMi7gFBVV95cUxOV0F4MnpSTW1yalpTaVFqd0lKUS1aSVpvdFJyRFg5QkV0UUFKOUxUMk1nLVZPS3RyVWdRMVF6My1sQ2N1XzJlNlRpRHFiRFRoXzNGY1NtOTFDeEtELXRrNnR6VE5GeG9QNE11TzYwOW5VWTlJUHNXM3hCeHBVWG8yODEzcF90cGtRLTEzbzUxVWV1T29FYVRYU3l0N2lCVVVwc0hYekF5VEYzbTVrbFNWdnhmQVRZeUpxXzMtOU9EVnRBRkt1bFBiaVlYdGtKYU5HZ1N2NXdFbEFoVEhIZnpOY1VZd1M0S2VMN2Fqc3dB0gHuAUFVX3lxTE5XQXgyelJNbXJqWlNpUWp3SUpRLVpJWm90UnJEWDlCRXRRQUo5TFQyTWctVk9LdHJVZ1ExUXozLWxDY3VfMmU2VGlEcWJEVGhfM0ZjU205MUN4S0QtdGs2dHpUTkZ4b1A0TXVPNjA5blVZOUlQc1czeEJ4cFVYbzI4MTNwX3Rwa1EtMTNvNTFVZXVPb0VhVFhTeXQ3aUJVVXBzSFh6QXlURjNtNWtsU1Z2eGZBVFl5SnFfMy05T0RWdEFGS3VsUGJpWVh0a0phTkdnU3Y1d0VsQWhUSEhmek5jVVl3UzRLZUw3YWpzd0E?oc=5,2025-12-18 23:49:55,Hindustan,"<a href=""https://news.google.com/rss/articles/CBMi7gFBVV95cUxOV0F4MnpSTW1yalpTaVFqd0lKUS1aSVpvdFJyRFg5QkV0UUFKOUxUMk1nLVZPS3RyVWdRMVF6My1sQ2N1XzJlNlRpRHFiRFRoXzNGY1NtOTFDeEtELXRrNnR6VE5GeG9QNE11TzYwOW5VWTlJUHNXM3hCeHBVWG8yODEzcF90cGtRLTEzbzUxVWV1T29FYVRYU3l0N2lCVVVwc0hYekF5VEYzbTVrbFNWdnhmQVRZeUpxXzMtOU9EVnRBRkt1bFBiaVlYdGtKYU5HZ1N2NXdFbEFoVEhIZnpOY1VZd1M0S2VMN2Fqc3dB0gHuAUFVX3lxTE5XQXgyelJNbXJqWlNpUWp3SUpRLVpJWm90UnJEWDlCRXRRQUo5TFQyTWctVk9LdHJVZ1ExUXozLWxDY3VfMmU2VGlEcWJEVGhfM0ZjU205MUN4S0QtdGs2dHpUTkZ4b1A0TXVPNjA5blVZOUlQc1czeEJ4cFVYbzI4MTNwX3Rwa1EtMTNvNTFVZXVPb0VhVFhTeXQ3aUJVVXBzSFh6QXlURjNtNWtsU1Z2eGZBVFl5SnFfMy05T0RWdEFGS3VsUGJpWVh0a0phTkdnU3Y1d0VsQWhUSEhmek5jVVl3UzRLZUw3YWpzd0E?oc=5"" target=""_blank"">कड़ाके की सर्दी, शीतलहर और कोहरे से जनजीवन अस्त व्यस्त</a>&nbsp;&nbsp;<font color=""#6f6f6f"">Hindustan</font>",Disaster,hi
"सफाई व्यवस्था बेपटरी, ठंड में 30% कर्मचारी ही कर रहे काम - Hindustan",https://news.google.com/rss/articles/CBMi8AFBVV95cUxQcjY2TVl3ZHdHYkl3UzRvQWg1ZTRGSzJBU1Nmdk4xei1DUm9lYm5YR2NEM3RkdlBnWFFOQ2xiTU9BVURYWlJOM0VwbmhUZGpfVjVmUUpWOVJPY1VGeF9yY0lFSFJOMl8xUkRpOE4zVnpVQzU2dHo0WFFxOGxNTHV1WEZwSmJoUGc2NTlrZ0huMUNHa0FzWGlTaXZTQUVxdjZuVGtOaF9FblFfX25vRTVKV2oxa0M1WW1GQ2VrRExSZlVaVGNrZmlEc3ZIM0lqclhtaFVFd2FmQURlODVBWkFWWS0tMXZvbDdpTDVZMGNYOTXSAfABQVVfeXFMUHI2Nk1Zd2R3R2JJd1M0b0FoNWU0RksyQVNTZnZOMXotQ1JvZWJuWEdjRDN0ZHZQZ1hRTkNsYk1PQVVEWFpSTjNFcG5oVGRqX1Y1ZlFKVjlST2NVRnhfcmNJRUhSTjJfMVJEaThOM1Z6VUM1NnR6NFhRcThsTUx1dVhGcEpiaFBnNjU5a2dIbjFDR2tBc1hpU2l2U0FFcXY2blRrTmhfRW5RX19ub0U1SldqMWtDNVltRkNla0RMUmZVWlRja2ZpRHN2SDNJanJYbWhVRXdhZkFEZTg1QVpBVlktLTF2b2w3aUw1WTBjWDk1?oc=5,2025-12-18 18:46:37,Hindustan,"<a href=""https://news.google.com/rss/articles/CBMi8AFBVV95cUxQcjY2TVl3ZHdHYkl3UzRvQWg1ZTRGSzJBU1Nmdk4xei1DUm9lYm5YR2NEM3RkdlBnWFFOQ2xiTU9BVURYWlJOM0VwbmhUZGpfVjVmUUpWOVJPY1VGeF9yY0lFSFJOMl8xUkRpOE4zVnpVQzU2dHo0WFFxOGxNTHV1WEZwSmJoUGc2NTlrZ0huMUNHa0FzWGlTaXZTQUVxdjZuVGtOaF9FblFfX25vRTVKV2oxa0M1WW1GQ2VrRExSZlVaVGNrZmlEc3ZIM0lqclhtaFVFd2FmQURlODVBWkFWWS0tMXZvbDdpTDVZMGNYOTXSAfABQVVfeXFMUHI2Nk1Zd2R3R2JJd1M0b0FoNWU0RksyQVNTZnZOMXotQ1JvZWJuWEdjRDN0ZHZQZ1hRTkNsYk1PQVVEWFpSTjNFcG5oVGRqX1Y1ZlFKVjlST2NVRnhfcmNJRUhSTjJfMVJEaThOM1Z6VUM1NnR6NFhRcThsTUx1dVhGcEpiaFBnNjU5a2dIbjFDR2tBc1hpU2l2U0FFcXY2blRrTmhfRW5RX19ub0U1SldqMWtDNVltRkNla0RMUmZVWlRja2ZpRHN2SDNJanJYbWhVRXdhZkFEZTg1QVpBVlktLTF2b2w3aUw1WTBjWDk1?oc=5"" target=""_blank"">सफाई व्यवस्था बेपटरी, ठंड में 30% कर्मचारी ही कर रहे काम</a>&nbsp;&nbsp;<font color=""#6f6f6f"">Hindustan</font>",Disaster,hi
कोहरे से ढकी वीरभूमि बढ़ी गलन - Hindustan,https://news.google.com/rss/articles/CBMi8wFBVV95cUxQSFpmSXFfY3AyaDdwaEJFRjl5Z0NvWG9TR09BWjdSOFk1MmRnTDJ1WVAySk02WFVNcnlDWkdXVE5nQ2dCV3h5dkp0d3VKanR5Ym56TC1qVzZJczVNQjZlejNLV2JrMVMtTF9KcldwYl8wMUVaWi1PMEhGU1ZqOE1MYU85S1JGYzRvWVNVWFNSdS1qb285RkRaTW9VeUxoWWxWT2xId2U3d1BXMVVsQzFqRE5TNU9kMnJVWHlOX2k4eXpLZ3BmWjhnbWhhVU13VllPaTVzNzFxQm1PUkFjZVQ3WkR6dGE4c2F0RG8yejhmUktGTFXSAfMBQVVfeXFMUEhaZklxX2NwMmg3cGhCRUY5eWdDb1hvU0dPQVo3UjhZNTJkZ0wydVlQMkpNNlhVTXJ5Q1pHV1ROZ0NnQld4eXZKdHd1Smp0eWJuekwtalc2SXM1TUI2ZXozS1diazFTLUxfSnJXcGJfMDFFWlotTzBIRlNWajhNTGFPOUtSRmM0b1lTVVhTUnUtam9vOUZEWk1vVXlMaFlsVk9sSHdlN3dQVzFVbEMxakROUzVPZDJyVVh5Tl9pOHl6S2dwZlo4Z21oYVVNd1ZZT2k1czcxcUJtT1JBY2VUN1pEenRhOHNhdERvMno4ZlJLRkxV?oc=5,2025-12-18 22:19:32,Hindustan,"<a href=""https://news.google.com/rss/articles/CBMi8wFBVV95cUxQSFpmSXFfY3AyaDdwaEJFRjl5Z0NvWG9TR09BWjdSOFk1MmRnTDJ1WVAySk02WFVNcnlDWkdXVE5nQ2dCV3h5dkp0d3VKanR5Ym56TC1qVzZJczVNQjZlejNLV2JrMVMtTF9KcldwYl8wMUVaWi1PMEhGU1ZqOE1MYU85S1JGYzRvWVNVWFNSdS1qb285RkRaTW9VeUxoWWxWT2xId2U3d1BXMVVsQzFqRE5TNU9kMnJVWHlOX2k4eXpLZ3BmWjhnbWhhVU13VllPaTVzNzFxQm1PUkFjZVQ3WkR6dGE4c2F0RG8yejhmUktGTFXSAfMBQVVfeXFMUEhaZklxX2NwMmg3cGhCRUY5eWdDb1hvU0dPQVo3UjhZNTJkZ0wydVlQMkpNNlhVTXJ5Q1pHV1ROZ0NnQld4eXZKdHd1Smp0eWJuekwtalc2SXM1TUI2ZXozS1diazFTLUxfSnJXcGJfMDFFWlotTzBIRlNWajhNTGFPOUtSRmM0b1lTVVhTUnUtam9vOUZEWk1vVXlMaFlsVk9sSHdlN3dQVzFVbEMxakROUzVPZDJyVVh5Tl9pOHl6S2dwZlo4Z21oYVVNd1ZZT2k1czcxcUJtT1JBY2VUN1pEenRhOHNhdERvMno4ZlJLRkxV?oc=5"" target=""_blank"">कोहरे से ढकी वीरभूमि बढ़ी गलन</a>&nbsp;&nbsp;<font color=""#6f6f6f"">Hindustan</font>",Disaster,hi
"कोहरे और धुंध में छिप गया सूरज, सर्दी से कांपा जनजीवन - Hindustan",https://news.google.com/rss/articles/CBMi6gFBVV95cUxOeVNFT0VlYVJ3T2NiYXZ4NUdiaGRaQjROT1lEdVJuYlJWS0JOVFF0dlFXUUZ3cXByY0o1NWc1ZG9OMndWZmxZZGx6SmEyal8wUUMzcnAya0pGaVFUQUpuTzI1V2hSSGNBU1RoclFTR1l3dnR1VElIbEVRcFRMM1lfanBBZ3IxaDNGTTliUDlLemd0T2R1UWs2OUFQWTFxY0RYMHRYVW9GTHdkZkRmR1lQT3ZpWnlTQzZOX2RqcUlOdmhkN080cFEzTUFHdlBTMnVweFo1d2xqdEtoV1lxaE9tV3NVa05WUGYwbFHSAeoBQVVfeXFMTnlTRU9FZWFSd09jYmF2eDVHYmhkWkI0Tk9ZRHVSbmJSVktCTlRRdHZRV1FGd3FwcmNKNTVnNWRvTjJ3VmZsWWRsekphMmpfMFFDM3JwMmtKRmlRVEFKbk8yNVdoUkhjQVNUaHJRU0dZd3Z0dVRJSGxFUXBUTDNZX2pwQWdyMWgzRk05YlA5S3pndE9kdVFrNjlBUFkxcWNEWDB0WFVvRkx3ZGZEZkdZUE92aVp5U0M2Tl9kanFJTnZoZDdPNHBRM01BR3ZQUzJ1cHhaNXdsanRLaFdZcWhPbVdzVWtOVlBmMGxR?oc=5,2025-12-18 21:51:41,Hindustan,"<a href=""https://news.google.com/rss/articles/CBMi6gFBVV95cUxOeVNFT0VlYVJ3T2NiYXZ4NUdiaGRaQjROT1lEdVJuYlJWS0JOVFF0dlFXUUZ3cXByY0o1NWc1ZG9OMndWZmxZZGx6SmEyal8wUUMzcnAya0pGaVFUQUpuTzI1V2hSSGNBU1RoclFTR1l3dnR1VElIbEVRcFRMM1lfanBBZ3IxaDNGTTliUDlLemd0T2R1UWs2OUFQWTFxY0RYMHRYVW9GTHdkZkRmR1lQT3ZpWnlTQzZOX2RqcUlOdmhkN080cFEzTUFHdlBTMnVweFo1d2xqdEtoV1lxaE9tV3NVa05WUGYwbFHSAeoBQVVfeXFMTnlTRU9FZWFSd09jYmF2eDVHYmhkWkI0Tk9ZRHVSbmJSVktCTlRRdHZRV1FGd3FwcmNKNTVnNWRvTjJ3VmZsWWRsekphMmpfMFFDM3JwMmtKRmlRVEFKbk8yNVdoUkhjQVNUaHJRU0dZd3Z0dVRJSGxFUXBUTDNZX2pwQWdyMWgzRk05YlA5S3pndE9kdVFrNjlBUFkxcWNEWDB0WFVvRkx3ZGZEZkdZUE92aVp5U0M2Tl9kanFJTnZoZDdPNHBRM01BR3ZQUzJ1cHhaNXdsanRLaFdZcWhPbVdzVWtOVlBmMGxR?oc=5"" target=""_blank"">कोहरे और धुंध में छिप गया सूरज, सर्दी से कांपा जनजीवन</a>&nbsp;&nbsp;<font color=""#6f6f6f"">Hindustan</font>",Disaster,hi
गरीब-मजलूमों में वितरित किये 11 सौ कंबल - Hindustan,https://news.google.com/rss/articles/CBMi8gFBVV95cUxPaVV3NE9KQmd0QndjWDhOM0Q5a2M0WE96OWN6WDI1VC1FV0RHcDRubWJkekZZTURueWQ2RDhpRVNSN3p0M1NxYWgxOVhXUy00R3lpbHJOV3JTbDFrcV94dXd1RXl5MEszTER4MzI2M1ZycFhmaVd0UXBiUl9SVld0d1ZGWkFabERpYjVfVmUyV3YtcnhOQWV4cmY4U3k5NjJyajRDYlh6U1BhbGsyc0lBclFhaEFrNXh0VGEwT1F4VkxvbXdpcWVaNHAyZkVUTVJyMEFreDV0VG5kVlllTjhTc1N6WEQ4OFEtUUlKcmhzb2pVQdIB8gFBVV95cUxPaVV3NE9KQmd0QndjWDhOM0Q5a2M0WE96OWN6WDI1VC1FV0RHcDRubWJkekZZTURueWQ2RDhpRVNSN3p0M1NxYWgxOVhXUy00R3lpbHJOV3JTbDFrcV94dXd1RXl5MEszTER4MzI2M1ZycFhmaVd0UXBiUl9SVld0d1ZGWkFabERpYjVfVmUyV3YtcnhOQWV4cmY4U3k5NjJyajRDYlh6U1BhbGsyc0lBclFhaEFrNXh0VGEwT1F4VkxvbXdpcWVaNHAyZkVUTVJyMEFreDV0VG5kVlllTjhTc1N6WEQ4OFEtUUlKcmhzb2pVQQ?oc=5,2025-12-18 21:28:42,Hindustan,"<a href=""https://news.google.com/rss/articles/CBMi8gFBVV95cUxPaVV3NE9KQmd0QndjWDhOM0Q5a2M0WE96OWN6WDI1VC1FV0RHcDRubWJkekZZTURueWQ2RDhpRVNSN3p0M1NxYWgxOVhXUy00R3lpbHJOV3JTbDFrcV94dXd1RXl5MEszTER4MzI2M1ZycFhmaVd0UXBiUl9SVld0d1ZGWkFabERpYjVfVmUyV3YtcnhOQWV4cmY4U3k5NjJyajRDYlh6U1BhbGsyc0lBclFhaEFrNXh0VGEwT1F4VkxvbXdpcWVaNHAyZkVUTVJyMEFreDV0VG5kVlllTjhTc1N6WEQ4OFEtUUlKcmhzb2pVQdIB8gFBVV95cUxPaVV3NE9KQmd0QndjWDhOM0Q5a2M0WE96OWN6WDI1VC1FV0RHcDRubWJkekZZTURueWQ2RDhpRVNSN3p0M1NxYWgxOVhXUy00R3lpbHJOV3JTbDFrcV94dXd1RXl5MEszTER4MzI2M1ZycFhmaVd0UXBiUl9SVld0d1ZGWkFabERpYjVfVmUyV3YtcnhOQWV4cmY4U3k5NjJyajRDYlh6U1BhbGsyc0lBclFhaEFrNXh0VGEwT1F4VkxvbXdpcWVaNHAyZkVUTVJyMEFreDV0VG5kVlllTjhTc1N6WEQ4OFEtUUlKcmhzb2pVQQ?oc=5"" target=""_blank"">गरीब-मजलूमों में वितरित किये 11 सौ कंबल</a>&nbsp;&nbsp;<font color=""#6f6f6f"">Hindustan</font>",Disaster,hi
"कोहरे ने थामी रफ्तार, धूप निकली मगर गलन बरकरार - Hindustan",https://news.google.com/rss/articles/CBMi5wFBVV95cUxOTGJ5Q1oyaDg0dU9Obk15ck5zYlFfLTRKdUp3NERJQ0ZfS3AtaS1sc3VDWFJwSjJPWVZJN1BEMzV4U1I5enQ4WklPV0l6WTdqVWsyU1NDcTJsQ2drUjFjanNXVmNfQzJ5WTV4b05lYzVCYk5MdDJjSXc3S0FycnFOMUxjV1dvZk5WOG8zUk1uamxqNHVXS29VS1IyVFc4SHBubTZRWGJXdlpDWm9Ob1FMcmpHUFZGVTk4NXo3U0xvcFJzalhwUVpLQXQ1U21EUzlxckFrRHFYenIzZVZ6WktfcHVYSklBdWPSAecBQVVfeXFMTkxieUNaMmg4NHVPTm5NeXJOc2JRXy00SnVKdzRESUNGX0twLWktbHN1Q1hScEoyT1lWSTdQRDM1eFNSOXp0OFpJT1dJelk3alVrMlNTQ3EybENna1IxY2pzV1ZjX0MyeVk1eG9OZWM1QmJOTHQyY0l3N0tBcnJxTjFMY1dXb2ZOVjhvM1JNbmpsajR1V0tvVUtSMlRXOEhwbm02UVhiV3ZaQ1pvTm9RTHJqR1BWRlU5ODV6N1NMb3BSc2pYcFFaS0F0NVNtRFM5cXJBa0RxWHpyM2VWelpLX3B1WEpJQXVj?oc=5,2025-12-18 20:04:35,Hindustan,"<a href=""https://news.google.com/rss/articles/CBMi5wFBVV95cUxOTGJ5Q1oyaDg0dU9Obk15ck5zYlFfLTRKdUp3NERJQ0ZfS3AtaS1sc3VDWFJwSjJPWVZJN1BEMzV4U1I5enQ4WklPV0l6WTdqVWsyU1NDcTJsQ2drUjFjanNXVmNfQzJ5WTV4b05lYzVCYk5MdDJjSXc3S0FycnFOMUxjV1dvZk5WOG8zUk1uamxqNHVXS29VS1IyVFc4SHBubTZRWGJXdlpDWm9Ob1FMcmpHUFZGVTk4NXo3U0xvcFJzalhwUVpLQXQ1U21EUzlxckFrRHFYenIzZVZ6WktfcHVYSklBdWPSAecBQVVfeXFMTkxieUNaMmg4NHVPTm5NeXJOc2JRXy00SnVKdzRESUNGX0twLWktbHN1Q1hScEoyT1lWSTdQRDM1eFNSOXp0OFpJT1dJelk3alVrMlNTQ3EybENna1IxY2pzV1ZjX0MyeVk1eG9OZWM1QmJOTHQyY0l3N0tBcnJxTjFMY1dXb2ZOVjhvM1JNbmpsajR1V0tvVUtSMlRXOEhwbm02UVhiV3ZaQ1pvTm9RTHJqR1BWRlU5ODV6N1NMb3BSc2pYcFFaS0F0NVNtRFM5cXJBa0RxWHpyM2VWelpLX3B1WEpJQXVj?oc=5"" target=""_blank"">कोहरे ने थामी रफ्तार, धूप निकली मगर गलन बरकरार</a>&nbsp;&nbsp;<font color=""#6f6f6f"">Hindustan</font>",Disaster,hi
ई-रिक्शा से टकराकर बाइक सवार दो युवक घायल - Hindustan,https://news.google.com/rss/articles/CBMi6wFBVV95cUxOcHpQTk5xM3gxZ2M5a2xvS1JVUllfSzd3eUloSHRZYzNHeW8yVmF5TGxONjFGNUlhNVRYRnNFWmFjRmhpQW5HM21GVlhVeE9PQXJqLU5MQ2xuWFc4ZmtVS2JJN1FZdGc1QkhDeUFZTFZyZWZyZGpKVkJEQ0M0LVdaYkhQWGFoXzBTT2s3NG40a0NoSWNrWDVRdmQ0UXVoT3VMQmVrZUI3Qk9kT3N1T05OSTltLU1wbXpldmVLYVNoRng1TGg3aUs0ZTdFQ1E2WTJyZ3V1bTQ1VHZjajNpWm93VnhBcXpxNVJKQjE40gHrAUFVX3lxTE5welBOTnEzeDFnYzlrbG9LUlVSWV9LN3d5SWhIdFljM0d5bzJWYXlMbE42MUY1SWE1VFhGc0VaYWNGaGlBbkczbUZWWFV4T09BcmotTkxDbG5YVzhma1VLYkk3UVl0ZzVCSEN5QVlMVnJlZnJkakpWQkRDQzQtV1piSFBYYWhfMFNPazc0bjRrQ2hJY2tYNVF2ZDRRdWhPdUxCZWtlQjdCT2RPc3VPTk5JOW0tTXBtemV2ZUthU2hGeDVMaDdpSzRlN0VDUTZZMnJndXVtNDVUdmNqM2lab3dWeEFxenE1UkpCMTg?oc=5,2025-12-18 21:04:29,Hindustan,"<a href=""https://news.google.com/rss/articles/CBMi6wFBVV95cUxOcHpQTk5xM3gxZ2M5a2xvS1JVUllfSzd3eUloSHRZYzNHeW8yVmF5TGxONjFGNUlhNVRYRnNFWmFjRmhpQW5HM21GVlhVeE9PQXJqLU5MQ2xuWFc4ZmtVS2JJN1FZdGc1QkhDeUFZTFZyZWZyZGpKVkJEQ0M0LVdaYkhQWGFoXzBTT2s3NG40a0NoSWNrWDVRdmQ0UXVoT3VMQmVrZUI3Qk9kT3N1T05OSTltLU1wbXpldmVLYVNoRng1TGg3aUs0ZTdFQ1E2WTJyZ3V1bTQ1VHZjajNpWm93VnhBcXpxNVJKQjE40gHrAUFVX3lxTE5welBOTnEzeDFnYzlrbG9LUlVSWV9LN3d5SWhIdFljM0d5bzJWYXlMbE42MUY1SWE1VFhGc0VaYWNGaGlBbkczbUZWWFV4T09BcmotTkxDbG5YVzhma1VLYkk3UVl0ZzVCSEN5QVlMVnJlZnJkakpWQkRDQzQtV1piSFBYYWhfMFNPazc0bjRrQ2hJY2tYNVF2ZDRRdWhPdUxCZWtlQjdCT2RPc3VPTk5JOW0tTXBtemV2ZUthU2hGeDVMaDdpSzRlN0VDUTZZMnJndXVtNDVUdmNqM2lab3dWeEFxenE1UkpCMTg?oc=5"" target=""_blank"">ई-रिक्शा से टकराकर बाइक सवार दो युवक घायल</a>&nbsp;&nbsp;<font color=""#6f6f6f"">Hindustan</font>",Disaster,hi
कोहरे ने रोकी छह ट्रेनों की रफ्तार - Hindustan,https://news.google.com/rss/articles/CBMi0wFBVV95cUxQdzNRUmNYTnZZNGJnXzQtUDRySzB0c3ZSZnJyNy1nQXFrWXlTX3RldGwwQnV1dllCcWpoM3dOdWJfcVZGR2FkX0xLbFdpNTgxdWtxUjV4QzdpeE9VNV8xemIzZUlIOFhJcFduS2M4bXhsRzhaSlRUMnM4UGtRbF9LWHU4MTNZMmluWl9aVXBIbUFkRVF3YUpIUlUzbFlIWlA2TzhlamVFbGZId0JJNENjcWJaeDEzVENRSTE2OU1uYWtlNHpjbjRJTUx6WFd3OHRpX0ZZ0gHTAUFVX3lxTFB3M1FSY1hOdlk0YmdfNC1QNHJLMHRzdlJmcnI3LWdBcWtZeVNfdGV0bDBCdXV2WUJxamgzd051Yl9xVkZHYWRfTEtsV2k1ODF1a3FSNXhDN2l4T1U1XzF6YjNlSUg4WElwV25LYzhteGxHOFpKVFQyczhQa1FsX0tYdTgxM1kyaW5aX1pVcEhtQWRFUXdhSkhSVTNsWUhaUDZPOGVqZUVsZkh3Qkk0Q2NxYlp4MTNUQ1FJMTY5TW5ha2U0emNuNElNTHpYV3c4dGlfRlk?oc=5,2025-12-18 18:37:56,Hindustan,"<a href=""https://news.google.com/rss/articles/CBMi0wFBVV95cUxQdzNRUmNYTnZZNGJnXzQtUDRySzB0c3ZSZnJyNy1nQXFrWXlTX3RldGwwQnV1dllCcWpoM3dOdWJfcVZGR2FkX0xLbFdpNTgxdWtxUjV4QzdpeE9VNV8xemIzZUlIOFhJcFduS2M4bXhsRzhaSlRUMnM4UGtRbF9LWHU4MTNZMmluWl9aVXBIbUFkRVF3YUpIUlUzbFlIWlA2TzhlamVFbGZId0JJNENjcWJaeDEzVENRSTE2OU1uYWtlNHpjbjRJTUx6WFd3OHRpX0ZZ0gHTAUFVX3lxTFB3M1FSY1hOdlk0YmdfNC1QNHJLMHRzdlJmcnI3LWdBcWtZeVNfdGV0bDBCdXV2WUJxamgzd051Yl9xVkZHYWRfTEtsV2k1ODF1a3FSNXhDN2l4T1U1XzF6YjNlSUg4WElwV25LYzhteGxHOFpKVFQyczhQa1FsX0tYdTgxM1kyaW5aX1pVcEhtQWRFUXdhSkhSVTNsWUhaUDZPOGVqZUVsZkh3Qkk0Q2NxYlp4MTNUQ1FJMTY5TW5ha2U0emNuNElNTHpYV3c4dGlfRlk?oc=5"" target=""_blank"">कोहरे ने रोकी छह ट्रेनों की रफ्तार</a>&nbsp;&nbsp;<font color=""#6f6f6f"">Hindustan</font>",Disaster,hi
"सूरज के दर्शन नहीं, दिनभर छाया रहा कोहरे का साया - Hindustan",https://news.google.com/rss/articles/CBMi0wFBVV95cUxNaGpROUloanlnRWItWTY5anZuemtUYVJzUEJtNlFGanZoSWE0Wklpem55NlpZcUw0dk9qVG94US1aVGFYdXFfWTdEQ2VrZkNNcFE5cGxOdjUwYmJCYWdMcDBzbDJnQjNDTlJoYnQ3WlpPMURyN0ZqNjFxX3ktNHNDamJ2bDE0d2RHVDZ2TEVMMGZNRVZreVdacnozX1lWV0dCQXpIYmE0NUhKWDl3cmJqRGkxRUdubHZjMEw1akdWQjgtUHRudHZPVENZd29VNHpfRmF30gHTAUFVX3lxTE1oalE5SWhqeWdFYi1ZNjlqdm56a1RhUnNQQm02UUZqdmhJYTRaSWl6bnk2WllxTDR2T2pUb3hRLVpUYVh1cV9ZN0RDZWtmQ01wUTlwbE52NTBiYkJhZ0xwMHNsMmdCM0NOUmhidDdaWk8xRHI3Rmo2MXFfeS00c0NqYnZsMTR3ZEdUNnZMRUwwZk1FVmt5V1pyejNfWVZXR0JBekhiYTQ1SEpYOXdyYmpEaTFFR25sdmMwTDVqR1ZCOC1QdG50dk9UQ1l3b1U0el9GYXc?oc=5,2025-12-18 16:58:26,Hindustan,"<a href=""https://news.google.com/rss/articles/CBMi0wFBVV95cUxNaGpROUloanlnRWItWTY5anZuemtUYVJzUEJtNlFGanZoSWE0Wklpem55NlpZcUw0dk9qVG94US1aVGFYdXFfWTdEQ2VrZkNNcFE5cGxOdjUwYmJCYWdMcDBzbDJnQjNDTlJoYnQ3WlpPMURyN0ZqNjFxX3ktNHNDamJ2bDE0d2RHVDZ2TEVMMGZNRVZreVdacnozX1lWV0dCQXpIYmE0NUhKWDl3cmJqRGkxRUdubHZjMEw1akdWQjgtUHRudHZPVENZd29VNHpfRmF30gHTAUFVX3lxTE1oalE5SWhqeWdFYi1ZNjlqdm56a1RhUnNQQm02UUZqdmhJYTRaSWl6bnk2WllxTDR2T2pUb3hRLVpUYVh1cV9ZN0RDZWtmQ01wUTlwbE52NTBiYkJhZ0xwMHNsMmdCM0NOUmhidDdaWk8xRHI3Rmo2MXFfeS00c0NqYnZsMTR3ZEdUNnZMRUwwZk1FVmt5V1pyejNfWVZXR0JBekhiYTQ1SEpYOXdyYmpEaTFFR25sdmMwTDVqR1ZCOC1QdG50dk9UQ1l3b1U0el9GYXc?oc=5"" target=""_blank"">सूरज के दर्शन नहीं, दिनभर छाया रहा कोहरे का साया</a>&nbsp;&nbsp;<font color=""#6f6f6f"">Hindustan</font>",Disaster,hi
"जसरा में हाड़ कंपाने ठंड, अलाव की कहीं नहीं व्यवस्था - Hindustan",https://news.google.com/rss/articles/CBMi1wFBVV95cUxPd29Jc0ItQTRiSG5SRzk5bzA4ekNFN2tpSG40cng0a1RELUhNbTlpRGxZaHNUZUFEUzVUenpxMTY2b045UWxSVDBsYUNxaVdWM1duOWltb3RzV090QzhLTGNFVS1wQXNVRHBvbktlR2VqdTBrWUJpeG1GXzRQc3pPUEwwdFpPbm5tT2ZwTUVtSkpvVWR6YzM3S2xYUjhMNWVNdkszYmUzR25jbkFQM0JLd0trNzR1Qk02bThtV0NuV1NCYU5YMHVFSHc3cm9RMzgwRlFzVWpKWdIB1wFBVV95cUxPd29Jc0ItQTRiSG5SRzk5bzA4ekNFN2tpSG40cng0a1RELUhNbTlpRGxZaHNUZUFEUzVUenpxMTY2b045UWxSVDBsYUNxaVdWM1duOWltb3RzV090QzhLTGNFVS1wQXNVRHBvbktlR2VqdTBrWUJpeG1GXzRQc3pPUEwwdFpPbm5tT2ZwTUVtSkpvVWR6YzM3S2xYUjhMNWVNdkszYmUzR25jbkFQM0JLd0trNzR1Qk02bThtV0NuV1NCYU5YMHVFSHc3cm9RMzgwRlFzVWpKWQ?oc=5,2025-12-18 16:52:25,Hindustan,"<a href=""https://news.google.com/rss/articles/CBMi1wFBVV95cUxPd29Jc0ItQTRiSG5SRzk5bzA4ekNFN2tpSG40cng0a1RELUhNbTlpRGxZaHNUZUFEUzVUenpxMTY2b045UWxSVDBsYUNxaVdWM1duOWltb3RzV090QzhLTGNFVS1wQXNVRHBvbktlR2VqdTBrWUJpeG1GXzRQc3pPUEwwdFpPbm5tT2ZwTUVtSkpvVWR6YzM3S2xYUjhMNWVNdkszYmUzR25jbkFQM0JLd0trNzR1Qk02bThtV0NuV1NCYU5YMHVFSHc3cm9RMzgwRlFzVWpKWdIB1wFBVV95cUxPd29Jc0ItQTRiSG5SRzk5bzA4ekNFN2tpSG40cng0a1RELUhNbTlpRGxZaHNUZUFEUzVUenpxMTY2b045UWxSVDBsYUNxaVdWM1duOWltb3RzV090QzhLTGNFVS1wQXNVRHBvbktlR2VqdTBrWUJpeG1GXzRQc3pPUEwwdFpPbm5tT2ZwTUVtSkpvVWR6YzM3S2xYUjhMNWVNdkszYmUzR25jbkFQM0JLd0trNzR1Qk02bThtV0NuV1NCYU5YMHVFSHc3cm9RMzgwRlFzVWpKWQ?oc=5"" target=""_blank"">जसरा में हाड़ कंपाने ठंड, अलाव की कहीं नहीं व्यवस्था</a>&nbsp;&nbsp;<font color=""#6f6f6f"">Hindustan</font>",Disaster,hi
ठंड के बावजूद कहीं नहीं जला अलाव - Hindustan,https://news.google.com/rss/articles/CBMi5wFBVV95cUxQNGdGbWJDZERHVmltakJTUlhIblJsTGY2Y0g1ZjlQMTZyTUEzQ3hVMUNpQXkzLV9DRHI0X2NodGNNMm01UDRVSDNDRm9fblJOT25BVjVWRnY3M00tSVBvWUxUbWVpb1BKN2hLZnJpcHFlZGlqanBfQWk2dmRxVXJRUHFrSU13ZTBkdDRUcXd3RXhVbGp2LUhwQjJ6cl9TY0dzelNwdHNkRlEyLXUxaVRjM3V5NlBndTU2VlhpZVA5dzVDZ0thUjNJcWgwVF9xWHZ2MC1saGZpdGhFb1V1UGh3cjFQdzhRMGPSAecBQVVfeXFMUDRnRm1iQ2RER1ZpbWpCU1JYSG5SbExmNmNINWY5UDE2ck1BM0N4VTFDaUF5My1fQ0RyNF9jaHRjTTJtNVA0VUgzQ0ZvX25STk9uQVY1VkZ2NzNNLUlQb1lMVG1laW9QSjdoS2ZyaXBxZWRpampwX0FpNnZkcVVyUVBxa0lNd2UwZHQ0VHF3d0V4VWxqdi1IcEIyenJfU2NHc3pTcHRzZEZRMi11MWlUYzN1eTZQZ3U1NlZYaWVQOXc1Q2dLYVIzSXFoMFRfcVh2djAtbGhmaXRoRW9VdVBod3IxUHc4UTBj?oc=5,2025-12-18 15:56:24,Hindustan,"<a href=""https://news.google.com/rss/articles/CBMi5wFBVV95cUxQNGdGbWJDZERHVmltakJTUlhIblJsTGY2Y0g1ZjlQMTZyTUEzQ3hVMUNpQXkzLV9DRHI0X2NodGNNMm01UDRVSDNDRm9fblJOT25BVjVWRnY3M00tSVBvWUxUbWVpb1BKN2hLZnJpcHFlZGlqanBfQWk2dmRxVXJRUHFrSU13ZTBkdDRUcXd3RXhVbGp2LUhwQjJ6cl9TY0dzelNwdHNkRlEyLXUxaVRjM3V5NlBndTU2VlhpZVA5dzVDZ0thUjNJcWgwVF9xWHZ2MC1saGZpdGhFb1V1UGh3cjFQdzhRMGPSAecBQVVfeXFMUDRnRm1iQ2RER1ZpbWpCU1JYSG5SbExmNmNINWY5UDE2ck1BM0N4VTFDaUF5My1fQ0RyNF9jaHRjTTJtNVA0VUgzQ0ZvX25STk9uQVY1VkZ2NzNNLUlQb1lMVG1laW9QSjdoS2ZyaXBxZWRpampwX0FpNnZkcVVyUVBxa0lNd2UwZHQ0VHF3d0V4VWxqdi1IcEIyenJfU2NHc3pTcHRzZEZRMi11MWlUYzN1eTZQZ3U1NlZYaWVQOXc1Q2dLYVIzSXFoMFRfcVh2djAtbGhmaXRoRW9VdVBod3IxUHc4UTBj?oc=5"" target=""_blank"">ठंड के बावजूद कहीं नहीं जला अलाव</a>&nbsp;&nbsp;<font color=""#6f6f6f"">Hindustan</font>",Disaster,hi
"हाइवा- ट्रक टक्कर में चालक घायल, हाइवा चालक फरार - Hindustan",https://news.google.com/rss/articles/CBMi7wFBVV95cUxOcGp2SHNlNW1KMlZ2Y3dYaVo5UmV0V21SNTFlVmhTSm1Mak8tc19SeS1rNXpxX04xNWxTbjZRUk1MWDM2Tzh0dDNXTEZ1c1k4ZFVBZUgyZ0J0WGpuSjI2VEJHdEpjT1NsN19CQ1ZSUGk0clBFbzJpTV9GVnRMQXdwSHE1ZTFfU3djeVRiOHNkZS1STjBLTXZiYnQ3UXBXdXR4VW40d1NaRGpGbXNSN0FDcE9QYzZURldvOFkxTVJ1TmZOMWIzLTNsU2ktS3ozaWwySDRJOTRaT3FhSU9pR1NxWTB6N1ZlQ0N0RDBGOWo2VdIB7wFBVV95cUxOcGp2SHNlNW1KMlZ2Y3dYaVo5UmV0V21SNTFlVmhTSm1Mak8tc19SeS1rNXpxX04xNWxTbjZRUk1MWDM2Tzh0dDNXTEZ1c1k4ZFVBZUgyZ0J0WGpuSjI2VEJHdEpjT1NsN19CQ1ZSUGk0clBFbzJpTV9GVnRMQXdwSHE1ZTFfU3djeVRiOHNkZS1STjBLTXZiYnQ3UXBXdXR4VW40d1NaRGpGbXNSN0FDcE9QYzZURldvOFkxTVJ1TmZOMWIzLTNsU2ktS3ozaWwySDRJOTRaT3FhSU9pR1NxWTB6N1ZlQ0N0RDBGOWo2VQ?oc=5,2025-12-18 18:09:48,Hindustan,"<a href=""https://news.google.com/rss/articles/CBMi7wFBVV95cUxOcGp2SHNlNW1KMlZ2Y3dYaVo5UmV0V21SNTFlVmhTSm1Mak8tc19SeS1rNXpxX04xNWxTbjZRUk1MWDM2Tzh0dDNXTEZ1c1k4ZFVBZUgyZ0J0WGpuSjI2VEJHdEpjT1NsN19CQ1ZSUGk0clBFbzJpTV9GVnRMQXdwSHE1ZTFfU3djeVRiOHNkZS1STjBLTXZiYnQ3UXBXdXR4VW40d1NaRGpGbXNSN0FDcE9QYzZURldvOFkxTVJ1TmZOMWIzLTNsU2ktS3ozaWwySDRJOTRaT3FhSU9pR1NxWTB6N1ZlQ0N0RDBGOWo2VdIB7wFBVV95cUxOcGp2SHNlNW1KMlZ2Y3dYaVo5UmV0V21SNTFlVmhTSm1Mak8tc19SeS1rNXpxX04xNWxTbjZRUk1MWDM2Tzh0dDNXTEZ1c1k4ZFVBZUgyZ0J0WGpuSjI2VEJHdEpjT1NsN19CQ1ZSUGk0clBFbzJpTV9GVnRMQXdwSHE1ZTFfU3djeVRiOHNkZS1STjBLTXZiYnQ3UXBXdXR4VW40d1NaRGpGbXNSN0FDcE9QYzZURldvOFkxTVJ1TmZOMWIzLTNsU2ktS3ozaWwySDRJOTRaT3FhSU9pR1NxWTB6N1ZlQ0N0RDBGOWo2VQ?oc=5"" target=""_blank"">हाइवा- ट्रक टक्कर में चालक घायल, हाइवा चालक फरार</a>&nbsp;&nbsp;<font color=""#6f6f6f"">Hindustan</font>",Disaster,hi
बीमार यात्रियों को तत्काल दवा उपलब्ध कराएं - Hindustan,https://news.google.com/rss/articles/CBMihgJBVV95cUxQLURjS25hRGpXZ0NsXzFWVGI0Vkx4LU1KMVNkNl82bkU3emllNk5yTVBrLWRaZ3pNenpkREVBX3BrcTJwRTlmQktsWUN0clJ3ZVo1RTRoTTBUQ3JLZExtN09vX1ZCSm1vdHpIcHN0dUpTNWdXSmR1SlEyM1k5XzVaQUdOUTBoTE5ROTl3SjRWQngtX0pucVo0QkRLZTl4aFdwTWNYM1hHUjc5eWp6ZEg2R0tiVW5xbGFkQzFFbEYtdHRoWDRBdmN0anJBdVdDeE9uTk9QcE81SzhFUHVyc2dyLU1meGo2bzNFTmlucldmWkZWekpDaW5ISnhZNGdlTW5DcXp4VnNB0gGGAkFVX3lxTFAtRGNLbmFEaldnQ2xfMVZUYjRWTHgtTUoxU2Q2XzZuRTd6aWU2TnJNUGstZFpnek16emRERUFfcGtxMnBFOWZCS2xZQ3RyUndlWjVFNGhNMFRDcktkTG03T29fVkJKbW90ekhwc3R1SlM1Z1dKZHVKUTIzWTlfNVpBR05RMGhMTlE5OXdKNFZCeC1fSm5xWjRCREtlOXhoV3BNY1gzWEdSNzl5anpkSDZHS2JVbnFsYWRDMUVsRi10dGhYNEF2Y3RqckF1V0N4T25OT1BwTzVLOEVQdXJzZ3ItTWZ4ajZvM0VOaW5yV2ZaRlZ6SkNpbkhKeFk0Z2VNbkNxenhWc0E?oc=5,2025-12-18 18:10:38,Hindustan,"<a href=""https://news.google.com/rss/articles/CBMihgJBVV95cUxQLURjS25hRGpXZ0NsXzFWVGI0Vkx4LU1KMVNkNl82bkU3emllNk5yTVBrLWRaZ3pNenpkREVBX3BrcTJwRTlmQktsWUN0clJ3ZVo1RTRoTTBUQ3JLZExtN09vX1ZCSm1vdHpIcHN0dUpTNWdXSmR1SlEyM1k5XzVaQUdOUTBoTE5ROTl3SjRWQngtX0pucVo0QkRLZTl4aFdwTWNYM1hHUjc5eWp6ZEg2R0tiVW5xbGFkQzFFbEYtdHRoWDRBdmN0anJBdVdDeE9uTk9QcE81SzhFUHVyc2dyLU1meGo2bzNFTmlucldmWkZWekpDaW5ISnhZNGdlTW5DcXp4VnNB0gGGAkFVX3lxTFAtRGNLbmFEaldnQ2xfMVZUYjRWTHgtTUoxU2Q2XzZuRTd6aWU2TnJNUGstZFpnek16emRERUFfcGtxMnBFOWZCS2xZQ3RyUndlWjVFNGhNMFRDcktkTG03T29fVkJKbW90ekhwc3R1SlM1Z1dKZHVKUTIzWTlfNVpBR05RMGhMTlE5OXdKNFZCeC1fSm5xWjRCREtlOXhoV3BNY1gzWEdSNzl5anpkSDZHS2JVbnFsYWRDMUVsRi10dGhYNEF2Y3RqckF1V0N4T25OT1BwTzVLOEVQdXJzZ3ItTWZ4ajZvM0VOaW5yV2ZaRlZ6SkNpbkhKeFk0Z2VNbkNxenhWc0E?oc=5"" target=""_blank"">बीमार यात्रियों को तत्काल दवा उपलब्ध कराएं</a>&nbsp;&nbsp;<font color=""#6f6f6f"">Hindustan</font>",Disaster,hi
"कोहरा: मंद हुई ट्रेनों की रफ्तार, 12 घंटे तक विलंबित, वाराणसी आने वाले तीन विमान डायवर्ट - Hindustan",https://news.google.com/rss/articles/CBMi7wFBVV95cUxPRXJQM2RVMEpmaG0yWlU4NmFKSE15cUh1ZjR6eUxvMDctN1JaTndKdTE1QzIxVTVGTXlBRklLSXlLQUx4aVFsUHdKeTVxeVVONU5kZU1lX0k4NWRsUEhVbWZrSWRiMmJ2ajZ0YlE0TVVWcW1XelVHM0E2ejU2MUtCY1h2dkItNHd2ekJMejdrSVpaQlpjbVJtd0RZOWRXclBwUXdteWhwQ2lhMzhVYzAxX2hzU0E2OHNVOUpXcE1pR3FCaV9nM2FkaTUwYzJiSTlzVkJDeHljU1FnZ1UzcWFEaDFSek5ZUjBIb3FRNXpMY9IB7wFBVV95cUxPRXJQM2RVMEpmaG0yWlU4NmFKSE15cUh1ZjR6eUxvMDctN1JaTndKdTE1QzIxVTVGTXlBRklLSXlLQUx4aVFsUHdKeTVxeVVONU5kZU1lX0k4NWRsUEhVbWZrSWRiMmJ2ajZ0YlE0TVVWcW1XelVHM0E2ejU2MUtCY1h2dkItNHd2ekJMejdrSVpaQlpjbVJtd0RZOWRXclBwUXdteWhwQ2lhMzhVYzAxX2hzU0E2OHNVOUpXcE1pR3FCaV9nM2FkaTUwYzJiSTlzVkJDeHljU1FnZ1UzcWFEaDFSek5ZUjBIb3FRNXpMYw?oc=5,2025-12-18 14:38:21,Hindustan,"<a href=""https://news.google.com/rss/articles/CBMi7wFBVV95cUxPRXJQM2RVMEpmaG0yWlU4NmFKSE15cUh1ZjR6eUxvMDctN1JaTndKdTE1QzIxVTVGTXlBRklLSXlLQUx4aVFsUHdKeTVxeVVONU5kZU1lX0k4NWRsUEhVbWZrSWRiMmJ2ajZ0YlE0TVVWcW1XelVHM0E2ejU2MUtCY1h2dkItNHd2ekJMejdrSVpaQlpjbVJtd0RZOWRXclBwUXdteWhwQ2lhMzhVYzAxX2hzU0E2OHNVOUpXcE1pR3FCaV9nM2FkaTUwYzJiSTlzVkJDeHljU1FnZ1UzcWFEaDFSek5ZUjBIb3FRNXpMY9IB7wFBVV95cUxPRXJQM2RVMEpmaG0yWlU4NmFKSE15cUh1ZjR6eUxvMDctN1JaTndKdTE1QzIxVTVGTXlBRklLSXlLQUx4aVFsUHdKeTVxeVVONU5kZU1lX0k4NWRsUEhVbWZrSWRiMmJ2ajZ0YlE0TVVWcW1XelVHM0E2ejU2MUtCY1h2dkItNHd2ekJMejdrSVpaQlpjbVJtd0RZOWRXclBwUXdteWhwQ2lhMzhVYzAxX2hzU0E2OHNVOUpXcE1pR3FCaV9nM2FkaTUwYzJiSTlzVkJDeHljU1FnZ1UzcWFEaDFSek5ZUjBIb3FRNXpMYw?oc=5"" target=""_blank"">कोहरा: मंद हुई ट्रेनों की रफ्तार, 12 घंटे तक विलंबित, वाराणसी आने वाले तीन विमान डायवर्ट</a>&nbsp;&nbsp;<font color=""#6f6f6f"">Hindustan</font>",Disaster,hi
"भीषण कोहरे से बढ़ी ठंड, अलाव की मांग हुई तेज - Hindustan",https://news.google.com/rss/articles/CBMi6AFBVV95cUxNU1NmYUl4M0lQOGYwdVh1Yi1odGFScEdsVWJYRUZvcjNNRzJya1hNdHFkb0F3UXBoOUV3OGwzTHoxZWJrWjRKbHh4a0VYTW15YlNBOEdiU0F4TTBwLVlWZk13V2ptQTYyckV1cDVlaEV6emlZNzJ4eW1LeE1iRmpLdGxxbEFiR2E4bk9hLXRwdmx4NktTSEdiTGpNRUQyOEp3S0VnalF4NGlOU0ZEWDlzSGlrdXczTFJza1FqMHFPT29ILUxFMTVUNkgzSmxQLWZoazY1dlhGUXhJd28tcHNYQ21IQWh3d19w0gHoAUFVX3lxTE1TU2ZhSXgzSVA4ZjB1WHViLWh0YVJwR2xVYlhFRm9yM01HMnJrWE10cWRvQXdRcGg5RXc4bDNMejFlYmtaNEpseHhrRVhNbXliU0E4R2JTQXhNMHAtWVZmTXdXam1BNjJyRXVwNWVoRXp6aVk3Mnh5bUt4TWJGakt0bHFsQWJHYThuT2EtdHB2bHg2S1NIR2JMak1FRDI4SndLRWdqUXg0aU5TRkRYOXNIaWt1dzNMUnNrUWowcU9Pb0gtTEUxNVQ2SDNKbFAtZmhrNjV2WEZReEl3by1wc1hDbUhBaHd3X3A?oc=5,2025-12-18 15:43:22,Hindustan,"<a href=""https://news.google.com/rss/articles/CBMi6AFBVV95cUxNU1NmYUl4M0lQOGYwdVh1Yi1odGFScEdsVWJYRUZvcjNNRzJya1hNdHFkb0F3UXBoOUV3OGwzTHoxZWJrWjRKbHh4a0VYTW15YlNBOEdiU0F4TTBwLVlWZk13V2ptQTYyckV1cDVlaEV6emlZNzJ4eW1LeE1iRmpLdGxxbEFiR2E4bk9hLXRwdmx4NktTSEdiTGpNRUQyOEp3S0VnalF4NGlOU0ZEWDlzSGlrdXczTFJza1FqMHFPT29ILUxFMTVUNkgzSmxQLWZoazY1dlhGUXhJd28tcHNYQ21IQWh3d19w0gHoAUFVX3lxTE1TU2ZhSXgzSVA4ZjB1WHViLWh0YVJwR2xVYlhFRm9yM01HMnJrWE10cWRvQXdRcGg5RXc4bDNMejFlYmtaNEpseHhrRVhNbXliU0E4R2JTQXhNMHAtWVZmTXdXam1BNjJyRXVwNWVoRXp6aVk3Mnh5bUt4TWJGakt0bHFsQWJHYThuT2EtdHB2bHg2S1NIR2JMak1FRDI4SndLRWdqUXg0aU5TRkRYOXNIaWt1dzNMUnNrUWowcU9Pb0gtTEUxNVQ2SDNKbFAtZmhrNjV2WEZReEl3by1wc1hDbUhBaHd3X3A?oc=5"" target=""_blank"">भीषण कोहरे से बढ़ी ठंड, अलाव की मांग हुई तेज</a>&nbsp;&nbsp;<font color=""#6f6f6f"">Hindustan</font>",Disaster,hi
बलरामपुर-चिकित्सालय भवन बनवाने की मांग - Hindustan,https://news.google.com/rss/articles/CBMigwJBVV95cUxOMXNUNm1fRXVuenB5WDVaUHFab3pySV96ZjlEdm5IanZVdm5YY3RBeHlmUFludzN2NmdPNm54ZzVURHF6OGpUQzVQTkMxUWVOQnk5RElfM01xbWJrb2dhNG80ekhVYkFFSnh3UGtHSXBoZ2NubmZjT245d3l2YndCMS1DNTg4aXU0TkhjNVl6Z01ibGNSdm9vdi1uVG0wWTVPVzVVTmVfb3ZkdjRiMU4yQVJnYVJ0T2otQWR6ODZ5MjJ0Q0VKQVBJRUw3dTR1Y2FqTEM4VXNhb1psYWdSTG1xeXV0Vl9YZnFIa1M5RVcxNzlaTHlYeC1YazlrQUNKU0VQZ2E40gGDAkFVX3lxTE4xc1Q2bV9FdW56cHlYNVpQcVpvenJJX3pmOUR2bkhqdlV2blhjdEF4eWZQWW53M3Y2Z082bnhnNVREcXo4alRDNVBOQzFRZU5CeTlESV8zTXFtYmtvZ2E0bzR6SFViQUVKeHdQa0dJcGhnY25uZmNPbjl3eXZid0IxLUM1ODhpdTROSGM1WXpnTWJsY1J2b292LW5UbTBZNU9XNVVOZV9vdmR2NGIxTjJBUmdhUnRPai1BZHo4NnkyMnRDRUpBUElFTDd1NHVjYWpMQzhVc2FvWmxhZ1JMbXF5dXRWX1hmcUhrUzlFVzE3OVpMeVh4LVhrOWtBQ0pTRVBnYTg?oc=5,2025-12-18 17:13:27,Hindustan,"<a href=""https://news.google.com/rss/articles/CBMigwJBVV95cUxOMXNUNm1fRXVuenB5WDVaUHFab3pySV96ZjlEdm5IanZVdm5YY3RBeHlmUFludzN2NmdPNm54ZzVURHF6OGpUQzVQTkMxUWVOQnk5RElfM01xbWJrb2dhNG80ekhVYkFFSnh3UGtHSXBoZ2NubmZjT245d3l2YndCMS1DNTg4aXU0TkhjNVl6Z01ibGNSdm9vdi1uVG0wWTVPVzVVTmVfb3ZkdjRiMU4yQVJnYVJ0T2otQWR6ODZ5MjJ0Q0VKQVBJRUw3dTR1Y2FqTEM4VXNhb1psYWdSTG1xeXV0Vl9YZnFIa1M5RVcxNzlaTHlYeC1YazlrQUNKU0VQZ2E40gGDAkFVX3lxTE4xc1Q2bV9FdW56cHlYNVpQcVpvenJJX3pmOUR2bkhqdlV2blhjdEF4eWZQWW53M3Y2Z082bnhnNVREcXo4alRDNVBOQzFRZU5CeTlESV8zTXFtYmtvZ2E0bzR6SFViQUVKeHdQa0dJcGhnY25uZmNPbjl3eXZid0IxLUM1ODhpdTROSGM1WXpnTWJsY1J2b292LW5UbTBZNU9XNVVOZV9vdmR2NGIxTjJBUmdhUnRPai1BZHo4NnkyMnRDRUpBUElFTDd1NHVjYWpMQzhVc2FvWmxhZ1JMbXF5dXRWX1hmcUhrUzlFVzE3OVpMeVh4LVhrOWtBQ0pTRVBnYTg?oc=5"" target=""_blank"">बलरामपुर-चिकित्सालय भवन बनवाने की मांग</a>&nbsp;&nbsp;<font color=""#6f6f6f"">Hindustan</font>",Disaster,hi
कोहरे और सर्द हवाओं से बढ़ी गलन - Hindustan,https://news.google.com/rss/articles/CBMi1gFBVV95cUxOV0pkc19TaEl1UEFXYUx2dmQ1cXRpSnpEZUN4bG16U1ZRRXhzN3VPdkpEd3hXVjgycTlwNXlvRVNkaV9KR3NrQUxJeUxFRVFSaUN5MHJGdy1YbFdFQ3p1bUtBUXZTeTdkUkd3NDV2WUN3SVB6QVdXRFliaWlJa0J0Nk9lYzZzRDZaV3JCQVhvZ3A0aERrSWloRGRGMzFjX2xmNXlJYXBoWTRtdTIycm1qMW0ycmVIWHFDZk11MEoyaWlSQzZDNXhXb295RFJIQmtESzFFX3RB0gHWAUFVX3lxTE5XSmRzX1NoSXVQQVdhTHZ2ZDVxdGlKekRlQ3hsbXpTVlFFeHM3dU92SkR3eFdWODJxOXA1eW9FU2RpX0pHc2tBTEl5TEVFUVJpQ3kwckZ3LVhsV0VDenVtS0FRdlN5N2RSR3c0NXZZQ3dJUHpBV1dEWWJpaUlrQnQ2T2VjNnNENlpXckJBWG9ncDRoRGtJaWhEZEYzMWNfbGY1eUlhcGhZNG11MjJybWoxbTJyZUhYcUNmTXUwSjJpaVJDNkM1eFdvb3lEUkhCa0RLMUVfdEE?oc=5,2025-12-18 13:39:20,Hindustan,"<a href=""https://news.google.com/rss/articles/CBMi1gFBVV95cUxOV0pkc19TaEl1UEFXYUx2dmQ1cXRpSnpEZUN4bG16U1ZRRXhzN3VPdkpEd3hXVjgycTlwNXlvRVNkaV9KR3NrQUxJeUxFRVFSaUN5MHJGdy1YbFdFQ3p1bUtBUXZTeTdkUkd3NDV2WUN3SVB6QVdXRFliaWlJa0J0Nk9lYzZzRDZaV3JCQVhvZ3A0aERrSWloRGRGMzFjX2xmNXlJYXBoWTRtdTIycm1qMW0ycmVIWHFDZk11MEoyaWlSQzZDNXhXb295RFJIQmtESzFFX3RB0gHWAUFVX3lxTE5XSmRzX1NoSXVQQVdhTHZ2ZDVxdGlKekRlQ3hsbXpTVlFFeHM3dU92SkR3eFdWODJxOXA1eW9FU2RpX0pHc2tBTEl5TEVFUVJpQ3kwckZ3LVhsV0VDenVtS0FRdlN5N2RSR3c0NXZZQ3dJUHpBV1dEWWJpaUlrQnQ2T2VjNnNENlpXckJBWG9ncDRoRGtJaWhEZEYzMWNfbGY1eUlhcGhZNG11MjJybWoxbTJyZUhYcUNmTXUwSjJpaVJDNkM1eFdvb3lEUkhCa0RLMUVfdEE?oc=5"" target=""_blank"">कोहरे और सर्द हवाओं से बढ़ी गलन</a>&nbsp;&nbsp;<font color=""#6f6f6f"">Hindustan</font>",Disaster,hi
"संभल में शीतलहर का प्रकोप, दूसरे दिन भी नहीं निकले सूर्य देव - Hindustan",https://news.google.com/rss/articles/CBMi8wFBVV95cUxNaUd6WEd3LUNMUWFvYUlHeGc4QU9RaUlFMkFIVTJvNTNsSFYyNU8zUTBmaWFGb2FabmViUEM5bmlES1lIR3hPSzhVUUpsektwenN3RTI4WjloU0JENWN2ZGxoS2U0UTNGMmd4SGpIb05idzNGWFp2Mjd2bGYzTEkzdlNCX0IyeEUzaTBsU0J2TFJOemFNRk56OEFIMzU2UC1rZDZQZTVPVm8yTlBoZmdld0lndU9iT1BPVmJveFQ2WFpwLTFZaVpNTTRPb2c5YTl6ODBaOTZoZ3I4cEEtQnNWSGRIdktmR01nQV9uQWc3eUx5TTDSAfMBQVVfeXFMTWlHelhHdy1DTFFhb2FJR3hnOEFPUWlJRTJBSFUybzUzbEhWMjVPM1EwZmlhRm9hWm5lYlBDOW5pREtZSEd4T0s4VVFKbHpLcHpzd0UyOFo5aFNCRDVjdmRsaEtlNFEzRjJneEhqSG9OYnczRlhadjI3dmxmM0xJM3ZTQl9CMnhFM2kwbFNCdkxSTnphTUZOejhBSDM1NlAta2Q2UGU1T1ZvMk5QaGZnZXdJZ3VPYk9QT1Zib3hUNlhacC0xWWlaTU00T29nOWE5ejgwWjk2aGdyOHBBLUJzVkhkSHZLZkdNZ0FfbkFnN3lMeU0w?oc=5,2025-12-18 11:25:19,Hindustan,"<a href=""https://news.google.com/rss/articles/CBMi8wFBVV95cUxNaUd6WEd3LUNMUWFvYUlHeGc4QU9RaUlFMkFIVTJvNTNsSFYyNU8zUTBmaWFGb2FabmViUEM5bmlES1lIR3hPSzhVUUpsektwenN3RTI4WjloU0JENWN2ZGxoS2U0UTNGMmd4SGpIb05idzNGWFp2Mjd2bGYzTEkzdlNCX0IyeEUzaTBsU0J2TFJOemFNRk56OEFIMzU2UC1rZDZQZTVPVm8yTlBoZmdld0lndU9iT1BPVmJveFQ2WFpwLTFZaVpNTTRPb2c5YTl6ODBaOTZoZ3I4cEEtQnNWSGRIdktmR01nQV9uQWc3eUx5TTDSAfMBQVVfeXFMTWlHelhHdy1DTFFhb2FJR3hnOEFPUWlJRTJBSFUybzUzbEhWMjVPM1EwZmlhRm9hWm5lYlBDOW5pREtZSEd4T0s4VVFKbHpLcHpzd0UyOFo5aFNCRDVjdmRsaEtlNFEzRjJneEhqSG9OYnczRlhadjI3dmxmM0xJM3ZTQl9CMnhFM2kwbFNCdkxSTnphTUZOejhBSDM1NlAta2Q2UGU1T1ZvMk5QaGZnZXdJZ3VPYk9QT1Zib3hUNlhacC0xWWlaTU00T29nOWE5ejgwWjk2aGdyOHBBLUJzVkhkSHZLZkdNZ0FfbkFnN3lMeU0w?oc=5"" target=""_blank"">संभल में शीतलहर का प्रकोप, दूसरे दिन भी नहीं निकले सूर्य देव</a>&nbsp;&nbsp;<font color=""#6f6f6f"">Hindustan</font>",Disaster,hi
"कड़ाके की ठंड में ठिठुर रहे लोग, अलाव की व्यवस्था नहीं - Hindustan",https://news.google.com/rss/articles/CBMi_wFBVV95cUxNZE9HcWZ6dUlPUmZNVHNwblVWai1MR3N0cHE3R19OZ2lfMlBDTHZiN0lmcTVOZms4ejlUVmpDdG8ycXRsT1BSZU9LMUxsOFotTHB3NE1VYXFlNG9GT3p6UEtJSTd5TXB4SWZ6YXdsNVRzc3dYRWJoRW5fbDF0WkJoVVFtT0wxV3BtTnJNU1k4LTNMYTdqQ0RsOWIwU1BBajZvbVpIdXpJZU56Y0JvWTFrMGowMjl5bVljQ0pxcVl2a0wyclZocE5LTGhTb29sYTJpVkFuZTAtbjdjUUxnNGVqdE1zaFBqc3U1Z0lIc0tic1RlVndvUk9UREtvVXRJclHSAf8BQVVfeXFMTWRPR3FmenVJT1JmTVRzcG5VVmotTEdzdHBxN0dfTmdpXzJQQ0x2YjdJZnE1TmZrOHo5VFZqQ3RvMnF0bE9QUmVPSzFMbDhaLUxwdzRNVWFxZTRvRk96elBLSUk3eU1weElmemF3bDVUc3N3WEViaEVuX2wxdFpCaFVRbU9MMVdwbU5yTVNZOC0zTGE3akNEbDliMFNQQWo2b21aSHV6SWVOemNCb1kxazBqMDI5eW1ZY0NKcXFZdmtMMnJWaHBOS0xoU29vbGEyaVZBbmUwLW43Y1FMZzRlanRNc2hQanN1NWdJSHNLYnNUZVZ3b1JPVERLb1V0SXJR?oc=5,2025-12-18 13:46:20,Hindustan,"<a href=""https://news.google.com/rss/articles/CBMi_wFBVV95cUxNZE9HcWZ6dUlPUmZNVHNwblVWai1MR3N0cHE3R19OZ2lfMlBDTHZiN0lmcTVOZms4ejlUVmpDdG8ycXRsT1BSZU9LMUxsOFotTHB3NE1VYXFlNG9GT3p6UEtJSTd5TXB4SWZ6YXdsNVRzc3dYRWJoRW5fbDF0WkJoVVFtT0wxV3BtTnJNU1k4LTNMYTdqQ0RsOWIwU1BBajZvbVpIdXpJZU56Y0JvWTFrMGowMjl5bVljQ0pxcVl2a0wyclZocE5LTGhTb29sYTJpVkFuZTAtbjdjUUxnNGVqdE1zaFBqc3U1Z0lIc0tic1RlVndvUk9UREtvVXRJclHSAf8BQVVfeXFMTWRPR3FmenVJT1JmTVRzcG5VVmotTEdzdHBxN0dfTmdpXzJQQ0x2YjdJZnE1TmZrOHo5VFZqQ3RvMnF0bE9QUmVPSzFMbDhaLUxwdzRNVWFxZTRvRk96elBLSUk3eU1weElmemF3bDVUc3N3WEViaEVuX2wxdFpCaFVRbU9MMVdwbU5yTVNZOC0zTGE3akNEbDliMFNQQWo2b21aSHV6SWVOemNCb1kxazBqMDI5eW1ZY0NKcXFZdmtMMnJWaHBOS0xoU29vbGEyaVZBbmUwLW43Y1FMZzRlanRNc2hQanN1NWdJSHNLYnNUZVZ3b1JPVERLb1V0SXJR?oc=5"" target=""_blank"">कड़ाके की ठंड में ठिठुर रहे लोग, अलाव की व्यवस्था नहीं</a>&nbsp;&nbsp;<font color=""#6f6f6f"">Hindustan</font>",Disaster,hi
"Weather Update: बर्फीली हवाओं ने बढ़ाई कंपकंपी, यूपी में अगले 3 दिन भीषण ठंड और घने कोहरे का अनुमान - Prime TV India",https://news.google.com/rss/articles/CBMi-AFBVV95cUxQTU1kRmtCa00tenQxc29ESjFWbWhGRmZFWW96ZWpISzNfSnJDcUprb1JpUWNQUXh4eE1kZ3RjTVVnbXFTVkNKcTBlZkNDdnVLOEFJeGlSUjVxMmhMZUxBWXZpakIzX3huOVZVNTVIb01RbUR1d1RQbnBJZ2h2Q044eFhFeVJvR0l3TWxRV09RbWpsWnJPRzg3NWhnaXdSa3F1QUh0QU94RkNycWNGUFVGNV9WZEo2MnZJQXZHTDdZRGRTTmpLbkpoUHRrTWlyQktsT250T2NmR2ZKc18yck8zLXlkV2MxYnJxYm10eDdBN2l4SlhZNHliNA?oc=5,2025-12-19 09:33:06,Prime TV India,"<a href=""https://news.google.com/rss/articles/CBMi-AFBVV95cUxQTU1kRmtCa00tenQxc29ESjFWbWhGRmZFWW96ZWpISzNfSnJDcUprb1JpUWNQUXh4eE1kZ3RjTVVnbXFTVkNKcTBlZkNDdnVLOEFJeGlSUjVxMmhMZUxBWXZpakIzX3huOVZVNTVIb01RbUR1d1RQbnBJZ2h2Q044eFhFeVJvR0l3TWxRV09RbWpsWnJPRzg3NWhnaXdSa3F1QUh0QU94RkNycWNGUFVGNV9WZEo2MnZJQXZHTDdZRGRTTmpLbkpoUHRrTWlyQktsT250T2NmR2ZKc18yck8zLXlkV2MxYnJxYm10eDdBN2l4SlhZNHliNA?oc=5"" target=""_blank"">Weather Update: बर्फीली हवाओं ने बढ़ाई कंपकंपी, यूपी में अगले 3 दिन भीषण ठंड और घने कोहरे का अनुमान</a>&nbsp;&nbsp;<font color=""#6f6f6f"">Prime TV India</font>",Disaster,hi
"Weather update: IMD warns of dense fog in UP, Punjab, Bihar, puts Delhi on yellow alert for today. Check f - The Economic Times",https://news.google.com/rss/articles/CBMipAJBVV95cUxQYXpQek1jV0NzQUROVXFldE1EaS1ONExFcWZHWERPdU5MVWtIM1o0aC1jREJTeVpkN09ZWXRvNk4zWjM1bG1XZ3c0em9vSWR4U1BvNTNsTFlab3owQ2d5cVJrOENLMXVYbUJkdHVFb3ZmM2t2TWlWZkQ5djA2WjFPMkNoU3IxNV9LeEM3eXVaQlhxVk5rTFhCVlZtcEtZRXllUm1sRW0zSUgxamtob3lJRlF2bmx0LWlteldZY0RTSVFOaEVkSExZMUtPOGF1c1AyT0dVS0I4YmtXNkFWMDIzc1R6WWhJUXRELW83LTE5MnNPRWF3aDZ5cS1xcEx1OVFQbjVIaThoU2JLeUkwTk0tVlpFdHB4VnFlYng1eElraWJkd1VY0gGqAkFVX3lxTE1GS0xhc2JFWEhjTjEzbTFrdlpvZGhaR0VhMUtuUmRGdjRFUlV1aGYwa1VUUE5qMUFSUkUwdlo4QnEtaVF5YVptTTE3d1RYZS1FZWJUekcwa0lYY0p2R1JoYXNkN0U3TURIYWxDS2Y3WTFNcy1kdXU5Wkhta3lwT3BfMFZQXzhDNnFOUVQzX3VtOEwxVTdxeVRCR3h1UXl1MGFJdmNoSWZNeW0tMjgtOGRIVks3aUlyZXBOQ21Jc2RXd3J6cGNqOTBURGc5Smd0dFM0NTlwLUVQZGpRSXhEY2N5V3p6NHBidTFUTEZGSUl0WVZ4TEtramVzOWN0VVkwV2ltcnpVcU1aMDM0M0tFbEpadFEwN19WM2VxUm5KVEpRX205ZjNpeWJoOFE?oc=5,2025-12-19 08:17:39,The Economic Times,"<a href=""https://news.google.com/rss/articles/CBMipAJBVV95cUxQYXpQek1jV0NzQUROVXFldE1EaS1ONExFcWZHWERPdU5MVWtIM1o0aC1jREJTeVpkN09ZWXRvNk4zWjM1bG1XZ3c0em9vSWR4U1BvNTNsTFlab3owQ2d5cVJrOENLMXVYbUJkdHVFb3ZmM2t2TWlWZkQ5djA2WjFPMkNoU3IxNV9LeEM3eXVaQlhxVk5rTFhCVlZtcEtZRXllUm1sRW0zSUgxamtob3lJRlF2bmx0LWlteldZY0RTSVFOaEVkSExZMUtPOGF1c1AyT0dVS0I4YmtXNkFWMDIzc1R6WWhJUXRELW83LTE5MnNPRWF3aDZ5cS1xcEx1OVFQbjVIaThoU2JLeUkwTk0tVlpFdHB4VnFlYng1eElraWJkd1VY0gGqAkFVX3lxTE1GS0xhc2JFWEhjTjEzbTFrdlpvZGhaR0VhMUtuUmRGdjRFUlV1aGYwa1VUUE5qMUFSUkUwdlo4QnEtaVF5YVptTTE3d1RYZS1FZWJUekcwa0lYY0p2R1JoYXNkN0U3TURIYWxDS2Y3WTFNcy1kdXU5Wkhta3lwT3BfMFZQXzhDNnFOUVQzX3VtOEwxVTdxeVRCR3h1UXl1MGFJdmNoSWZNeW0tMjgtOGRIVks3aUlyZXBOQ21Jc2RXd3J6cGNqOTBURGc5Smd0dFM0NTlwLUVQZGpRSXhEY2N5V3p6NHBidTFUTEZGSUl0WVZ4TEtramVzOWN0VVkwV2ltcnpVcU1aMDM0M0tFbEpadFEwN19WM2VxUm5KVEpRX205ZjNpeWJoOFE?oc=5"" target=""_blank"">Weather update: IMD warns of dense fog in UP, Punjab, Bihar, puts Delhi on yellow alert for today. Check f</a>&nbsp;&nbsp;<font color=""#6f6f6f"">The Economic Times</font>",Disaster,en
Delhi Weather LATEST Update: Dense Fog and Toxic Air Trigger IMD Yellow Alert; Check Forecast - Asianet Newsable,https://news.google.com/rss/articles/CBMizAFBVV95cUxNRjZCTjZaQlcybGlFak1uLUFTaVlwYmQ4Y1hJNmpTdDVTdGdzQWRRS0JFTDlIbkdOWXZUeDZ5SjVoTzBBbmwxbHZRRVJqeDhWZ3oyRzM4RHNVWGctTnJPNmQ4eWxNaDZNMTVYMkRURk9HaXlqREF5R1h4NHRnOE5NeVB2YlUyN0RvcDF1ZGlXeTg1MXo5dWxrUkkxUGowQ0M2SXFuQ3Q3QUhPNXFMZEdrdlFVRTd2YURMMUwzSXZPWG5qbHdRVHB6WnBmbGvSAdIBQVVfeXFMTnpNMmlEU2pwV0lnUmJ5NXpwMDVSY0ZySmMwb21hR2RwOXVFSWhsS1dJcm8zdWtueGxtakgtX1R6Q0FOQzM2N21mSktzR2lIZXdWektyZURKVWphSXhReTltUUtyZUxRTFV5Q0FIVThtc2YyYzdiSkE5U1ZGVUhpRElqNmIzRkJteTE2cDhhM3IxM19xb3dGWnlfYXFISktzLWg5T3lKMmdmRUNEYzVtMGU4TGx4WDlfaGg2ODhrT1E1dFJnckhZZkdVV0pCcEJVMGJn?oc=5,2025-12-19 07:56:05,Asianet Newsable,"<a href=""https://news.google.com/rss/articles/CBMizAFBVV95cUxNRjZCTjZaQlcybGlFak1uLUFTaVlwYmQ4Y1hJNmpTdDVTdGdzQWRRS0JFTDlIbkdOWXZUeDZ5SjVoTzBBbmwxbHZRRVJqeDhWZ3oyRzM4RHNVWGctTnJPNmQ4eWxNaDZNMTVYMkRURk9HaXlqREF5R1h4NHRnOE5NeVB2YlUyN0RvcDF1ZGlXeTg1MXo5dWxrUkkxUGowQ0M2SXFuQ3Q3QUhPNXFMZEdrdlFVRTd2YURMMUwzSXZPWG5qbHdRVHB6WnBmbGvSAdIBQVVfeXFMTnpNMmlEU2pwV0lnUmJ5NXpwMDVSY0ZySmMwb21hR2RwOXVFSWhsS1dJcm8zdWtueGxtakgtX1R6Q0FOQzM2N21mSktzR2lIZXdWektyZURKVWphSXhReTltUUtyZUxRTFV5Q0FIVThtc2YyYzdiSkE5U1ZGVUhpRElqNmIzRkJteTE2cDhhM3IxM19xb3dGWnlfYXFISktzLWg5T3lKMmdmRUNEYzVtMGU4TGx4WDlfaGg2ODhrT1E1dFJnckhZZkdVV0pCcEJVMGJn?oc=5"" target=""_blank"">Delhi Weather LATEST Update: Dense Fog and Toxic Air Trigger IMD Yellow Alert; Check Forecast</a>&nbsp;&nbsp;<font color=""#6f6f6f"">Asianet Newsable</font>",Disaster,en
"Travel only if essential: UP relief commissioner issues fog, cold wave advisory - MSN",https://news.google.com/rss/articles/CBMixAFBVV95cUxNcV9FaGttV19WaVYyT2tRdTUtRG9JaWFtZEhVTkJhUlJjN21qeWNrR1hQSTk4SDF4TnVzaWhENW1CZ2RhNWNYZWMteWM1YWpISXc5S09YUVlXZGFTR3R4ZWQ2dzdDU3pZYzBsdmkxbWtjUHkwc0RxRHRpSmFKNm5HczNnVjJpelZwVWtJY3QweVFsSFUwRG5qM3BfWVBwb3BpYU9mMkhPTmluWkU2TDFsSXp5VFFnZUktWnZZVlc2T25DamFj?oc=5,2025-12-19 05:51:24,MSN,"<a href=""https://news.google.com/rss/articles/CBMixAFBVV95cUxNcV9FaGttV19WaVYyT2tRdTUtRG9JaWFtZEhVTkJhUlJjN21qeWNrR1hQSTk4SDF4TnVzaWhENW1CZ2RhNWNYZWMteWM1YWpISXc5S09YUVlXZGFTR3R4ZWQ2dzdDU3pZYzBsdmkxbWtjUHkwc0RxRHRpSmFKNm5HczNnVjJpelZwVWtJY3QweVFsSFUwRG5qM3BfWVBwb3BpYU9mMkhPTmluWkU2TDFsSXp5VFFnZUktWnZZVlc2T25DamFj?oc=5"" target=""_blank"">Travel only if essential: UP relief commissioner issues fog, cold wave advisory</a>&nbsp;&nbsp;<font color=""#6f6f6f"">MSN</font>",Disaster,en
China and Mongolia are Battling to Control Massive Dust Storms - NewsGram,https://news.google.com/rss/articles/CBMiqgFBVV95cUxOZGY5ZW9Jay1iMzY3dzJVNmtVQWJyRTJjVm4yYkZFdWpmc1owekllVzV4ZjRxSVBnenlseklTRXFjTmJPSjhXd29IOU9fcG5QR0VtanhCM1pWY0ZQQXV6Y05fMkM0cHlDYVZ4SWthaFFxcHZ1aEVtbHFEQmtnanBWQmhIdHdIVTNmc3hNdFRmVi0zNXFyYUQ1R0cwZzFBV2tieXoya29fSUpHZ9IBqgFBVV95cUxOZGY5ZW9Jay1iMzY3dzJVNmtVQWJyRTJjVm4yYkZFdWpmc1owekllVzV4ZjRxSVBnenlseklTRXFjTmJPSjhXd29IOU9fcG5QR0VtanhCM1pWY0ZQQXV6Y05fMkM0cHlDYVZ4SWthaFFxcHZ1aEVtbHFEQmtnanBWQmhIdHdIVTNmc3hNdFRmVi0zNXFyYUQ1R0cwZzFBV2tieXoya29fSUpHZw?oc=5,2025-12-19 08:19:35,NewsGram,"<a href=""https://news.google.com/rss/articles/CBMiqgFBVV95cUxOZGY5ZW9Jay1iMzY3dzJVNmtVQWJyRTJjVm4yYkZFdWpmc1owekllVzV4ZjRxSVBnenlseklTRXFjTmJPSjhXd29IOU9fcG5QR0VtanhCM1pWY0ZQQXV6Y05fMkM0cHlDYVZ4SWthaFFxcHZ1aEVtbHFEQmtnanBWQmhIdHdIVTNmc3hNdFRmVi0zNXFyYUQ1R0cwZzFBV2tieXoya29fSUpHZ9IBqgFBVV95cUxOZGY5ZW9Jay1iMzY3dzJVNmtVQWJyRTJjVm4yYkZFdWpmc1owekllVzV4ZjRxSVBnenlseklTRXFjTmJPSjhXd29IOU9fcG5QR0VtanhCM1pWY0ZQQXV6Y05fMkM0cHlDYVZ4SWthaFFxcHZ1aEVtbHFEQmtnanBWQmhIdHdIVTNmc3hNdFRmVi0zNXFyYUQ1R0cwZzFBV2tieXoya29fSUpHZw?oc=5"" target=""_blank"">China and Mongolia are Battling to Control Massive Dust Storms</a>&nbsp;&nbsp;<font color=""#6f6f6f"">NewsGram</font>",Disaster,en
"Delhi fog alert: 500+ flights delayed, 27 cancelled at IGI Airport; AQI hits 'severe' in 14 areas - MSN",https://news.google.com/rss/articles/CBMi1wFBVV95cUxQMFdyYkVQUXBRU3llalFvNV9GbEo1TWtNLVAxa3dCSFNsZ3R3Q1FwaWFVY1UzN3BBUzZSN042WlNtd3pZeUQyWVo2Wk9MU2VsUFFFeWdXRVFWRGg2WDBqTGl0dTdVdGMtTWdyelJrSkVCMEpBQnpSVWZZaTJoZzFVVi1xR2xwNUhZR3psNUpVOEh2OERsb1BZRk8yVEU1YnUtX1RMLW52emJfa216ZjNUOHlPZ0VYNldBOWQxMHZ1SzRWeWE4S2syM3F0YmI0Y0hRbldBVU5GVQ?oc=5,2025-12-19 09:41:40,MSN,"<a href=""https://news.google.com/rss/articles/CBMi1wFBVV95cUxQMFdyYkVQUXBRU3llalFvNV9GbEo1TWtNLVAxa3dCSFNsZ3R3Q1FwaWFVY1UzN3BBUzZSN042WlNtd3pZeUQyWVo2Wk9MU2VsUFFFeWdXRVFWRGg2WDBqTGl0dTdVdGMtTWdyelJrSkVCMEpBQnpSVWZZaTJoZzFVVi1xR2xwNUhZR3psNUpVOEh2OERsb1BZRk8yVEU1YnUtX1RMLW52emJfa216ZjNUOHlPZ0VYNldBOWQxMHZ1SzRWeWE4S2syM3F0YmI0Y0hRbldBVU5GVQ?oc=5"" target=""_blank"">Delhi fog alert: 500+ flights delayed, 27 cancelled at IGI Airport; AQI hits 'severe' in 14 areas</a>&nbsp;&nbsp;<font color=""#6f6f6f"">MSN</font>",Disaster,en
IN PHOTOS | Mathura Yamuna Expressway crash: death toll rises to 13 — what we know so far - Mid-day,https://news.google.com/rss/articles/CBMi1gFBVV95cUxQR2I1MTV1NDNHNE54X1JUZlhCdXNjUXF2dU1VUFlWa3B4QkdzclZBdXpjY3NHeWl2T25QTW12OHVZdjN2NWFzTVhvUlg0d0x5RnpWUEVhOEhWOHM5RFhmaV8xYzBodWdVZHowLWgtdXZIZ3JyWHlpWWpnYzVqQ1M1azRVakJZWFFIUEQyWXE4dGx2X25XX1AyajR0NmdxVWdZV0g0anZXaGNfbEx3SkZIQVRoVmxFdnJQSnotNDdoS1p6dGIxeFpDVFpoNHE0T0tlSXJUeXlB?oc=5,2025-12-19 06:32:00,Mid-day,"<a href=""https://news.google.com/rss/articles/CBMi1gFBVV95cUxQR2I1MTV1NDNHNE54X1JUZlhCdXNjUXF2dU1VUFlWa3B4QkdzclZBdXpjY3NHeWl2T25QTW12OHVZdjN2NWFzTVhvUlg0d0x5RnpWUEVhOEhWOHM5RFhmaV8xYzBodWdVZHowLWgtdXZIZ3JyWHlpWWpnYzVqQ1M1azRVakJZWFFIUEQyWXE4dGx2X25XX1AyajR0NmdxVWdZV0g0anZXaGNfbEx3SkZIQVRoVmxFdnJQSnotNDdoS1p6dGIxeFpDVFpoNHE0T0tlSXJUeXlB?oc=5"" target=""_blank"">IN PHOTOS | Mathura Yamuna Expressway crash: death toll rises to 13 — what we know so far</a>&nbsp;&nbsp;<font color=""#6f6f6f"">Mid-day</font>",Disaster,en
Chennai Weather LATEST Update: Temperatures to Dip as IMD Issues Fresh Warning; Check Forecast - Asianet Newsable,https://news.google.com/rss/articles/CBMi0AFBVV95cUxPTENfR3NfYklGVUxPYldYd1M2M2hrOEpVakhHbV9DT3VyVFR6ZkJwaWpRNHlESVlqb1kwdXpaQmVFa3JrZGdjNHNqVlpMUVByaUQtNGhGOEtTV0VvQl9LX1ZVXy1SSG03RThYUDRGZXg0bDlRWnRtaDdVSzZLYzRGZHZIaU9nS1V4R1BfLTl4ZW5rWWVYTThma01JaFNScFh2YjNuLWpfZ1RiWEQtbS1MVnhvTTNkWUloSjNxTHVqaExMWEVmYWEyVGF5UU9RU3Vu0gHWAUFVX3lxTFBHZXEwUF9DU1Z5dWpWbXdnaUJUYUNXQ1VrcDNROExObXpXd2NIX19fMzVXRDdHb3pfdjRGVHpJWnN4X2t2bE9TSHY0cmtaZEhxVlB0bWhYNnh2XzdTQzQxWUhhZEcxTWN5eVE4ekJDU0wyM3dFMVNuNTJVWWlud3lyNTl4Q09WRkdOT0Nyek9NSUNzLUloNDNmb0Q3UklqekQ1bkZzYjlTOFNTWC1oMWF4ZGk2WVNnVjhWVkVpSnUzU0tRd1JoM2hCRk1qMDN2Q192N3VjLVE?oc=5,2025-12-19 08:08:57,Asianet Newsable,"<a href=""https://news.google.com/rss/articles/CBMi0AFBVV95cUxPTENfR3NfYklGVUxPYldYd1M2M2hrOEpVakhHbV9DT3VyVFR6ZkJwaWpRNHlESVlqb1kwdXpaQmVFa3JrZGdjNHNqVlpMUVByaUQtNGhGOEtTV0VvQl9LX1ZVXy1SSG03RThYUDRGZXg0bDlRWnRtaDdVSzZLYzRGZHZIaU9nS1V4R1BfLTl4ZW5rWWVYTThma01JaFNScFh2YjNuLWpfZ1RiWEQtbS1MVnhvTTNkWUloSjNxTHVqaExMWEVmYWEyVGF5UU9RU3Vu0gHWAUFVX3lxTFBHZXEwUF9DU1Z5dWpWbXdnaUJUYUNXQ1VrcDNROExObXpXd2NIX19fMzVXRDdHb3pfdjRGVHpJWnN4X2t2bE9TSHY0cmtaZEhxVlB0bWhYNnh2XzdTQzQxWUhhZEcxTWN5eVE4ekJDU0wyM3dFMVNuNTJVWWlud3lyNTl4Q09WRkdOT0Nyek9NSUNzLUloNDNmb0Q3UklqekQ1bkZzYjlTOFNTWC1oMWF4ZGk2WVNnVjhWVkVpSnUzU0tRd1JoM2hCRk1qMDN2Q192N3VjLVE?oc=5"" target=""_blank"">Chennai Weather LATEST Update: Temperatures to Dip as IMD Issues Fresh Warning; Check Forecast</a>&nbsp;&nbsp;<font color=""#6f6f6f"">Asianet Newsable</font>",Disaster,en
"Red alert for fog in UP, severe cold day conditions likely - MSN",https://news.google.com/rss/articles/CBMiqgFBVV95cUxNbnA2WWJrUURaSmxtano1aTFiejZyU1I5SE9UelBTbExyVTMyQjFneXc3cDdvc2I4SThJY1lTaVJJMVpYQXVmajdHdXkzc2pYY3JGREc2cWxYMVlOZ05Eelh1eUhYNGNiZ1ZCa2RLWDU0TkRoNkhXQ3JvSDNWUE1CNy1DZlVLaV9aOURzUVZjUU1EbUgtUUJLeTNsa1MxRURYTGFTdEc0bnhiQQ?oc=5,2025-12-19 05:51:43,MSN,"<a href=""https://news.google.com/rss/articles/CBMiqgFBVV95cUxNbnA2WWJrUURaSmxtano1aTFiejZyU1I5SE9UelBTbExyVTMyQjFneXc3cDdvc2I4SThJY1lTaVJJMVpYQXVmajdHdXkzc2pYY3JGREc2cWxYMVlOZ05Eelh1eUhYNGNiZ1ZCa2RLWDU0TkRoNkhXQ3JvSDNWUE1CNy1DZlVLaV9aOURzUVZjUU1EbUgtUUJLeTNsa1MxRURYTGFTdEc0bnhiQQ?oc=5"" target=""_blank"">Red alert for fog in UP, severe cold day conditions likely</a>&nbsp;&nbsp;<font color=""#6f6f6f"">MSN</font>",Disaster,en
"IMD Weather Update: Dense Fog Alert In North India, Cold Wave Warning For UP, Uttarakhand | Check Forecast - thedailyjagran.com",https://news.google.com/rss/articles/CBMi7wFBVV95cUxPWTVTTHRwRWNzdl8tYWJpeFUyaDhBS2J3R2llWlVHcnozMVZXRWZpT21vMzk0a0tZOWRMb1MwRFE5cEhBcmRjcUhkNmRXUGdsaGs0dUxyNkdPdjlFTXZzLUNGbDB4X01YU1RaeFdZZXZubzVqT0UxQ25TQVRIZUlDNTRIZ1BFSmdEQV9iZ25YMVptU1ZmVUxDUzl3RGxOSExlakVBZF9vd0FBbjRjUDZMZWgybXdwc1V6MWgwMzdOTWtkdkQ0TXF0bE96N0JING5YTlRZOXgwOC13TG5GbllRb0JDRHhLSWQxMWhGTWJuaw?oc=5,2025-12-18 19:26:00,thedailyjagran.com,"<a href=""https://news.google.com/rss/articles/CBMi7wFBVV95cUxPWTVTTHRwRWNzdl8tYWJpeFUyaDhBS2J3R2llWlVHcnozMVZXRWZpT21vMzk0a0tZOWRMb1MwRFE5cEhBcmRjcUhkNmRXUGdsaGs0dUxyNkdPdjlFTXZzLUNGbDB4X01YU1RaeFdZZXZubzVqT0UxQ25TQVRIZUlDNTRIZ1BFSmdEQV9iZ25YMVptU1ZmVUxDUzl3RGxOSExlakVBZF9vd0FBbjRjUDZMZWgybXdwc1V6MWgwMzdOTWtkdkQ0TXF0bE96N0JING5YTlRZOXgwOC13TG5GbllRb0JDRHhLSWQxMWhGTWJuaw?oc=5"" target=""_blank"">IMD Weather Update: Dense Fog Alert In North India, Cold Wave Warning For UP, Uttarakhand | Check Forecast</a>&nbsp;&nbsp;<font color=""#6f6f6f"">thedailyjagran.com</font>",Disaster,en
"UP Under Severe Cold Wave: Dense fog alert in 20 districts, School timings revised - Dynamite News",https://news.google.com/rss/articles/CBMiugFBVV95cUxQSVVxQVhtV3FUWVFYTDI3RjVIMjlQOUg1RGNqVllvWkN6clJZWi1ZRER0QW52VDJPUDVCNTZNLVI0RzJWOHlfNm1sd3NwZ0haSUpiSWVtY2Q5Y2lZZHdLZTY2VF9BN2IzZ1dTcnBVdzZQUUFwT2dGVGhjc3F2X0JDd1JFTngtRE5YQmdZZ1A1cTVEbEdrZWhQTVY5bHNkU2piV3M1anFid2NpcEtBVS1EZ05YUTYzajJjeGfSAb8BQVVfeXFMUG9rSGNURUJqdWIwN1hlR3JyNktqY08xdS1xTE54c3hKNnhMRzFmVjJJRFhNNUhHUE45REttVGVxWjU4MEw0d0pBYmUyNGZpeDFSYjgtWXFBT2dESUROOUYyWVZ2M19KN3NqSXRnWnhJM2RYdndSa3FNVWh4VkJaRk00QU1HckwzemN3dFVBZFpQSFhhR3YzdFlIUE9UWjhFanI3S3YteUdTSmM1RWxoZV9lVWphNjZDQ1RCZXpNcms?oc=5,2025-12-18 10:54:02,Dynamite News,"<a href=""https://news.google.com/rss/articles/CBMiugFBVV95cUxQSVVxQVhtV3FUWVFYTDI3RjVIMjlQOUg1RGNqVllvWkN6clJZWi1ZRER0QW52VDJPUDVCNTZNLVI0RzJWOHlfNm1sd3NwZ0haSUpiSWVtY2Q5Y2lZZHdLZTY2VF9BN2IzZ1dTcnBVdzZQUUFwT2dGVGhjc3F2X0JDd1JFTngtRE5YQmdZZ1A1cTVEbEdrZWhQTVY5bHNkU2piV3M1anFid2NpcEtBVS1EZ05YUTYzajJjeGfSAb8BQVVfeXFMUG9rSGNURUJqdWIwN1hlR3JyNktqY08xdS1xTE54c3hKNnhMRzFmVjJJRFhNNUhHUE45REttVGVxWjU4MEw0d0pBYmUyNGZpeDFSYjgtWXFBT2dESUROOUYyWVZ2M19KN3NqSXRnWnhJM2RYdndSa3FNVWh4VkJaRk00QU1HckwzemN3dFVBZFpQSFhhR3YzdFlIUE9UWjhFanI3S3YteUdTSmM1RWxoZV9lVWphNjZDQ1RCZXpNcms?oc=5"" target=""_blank"">UP Under Severe Cold Wave: Dense fog alert in 20 districts, School timings revised</a>&nbsp;&nbsp;<font color=""#6f6f6f"">Dynamite News</font>",Disaster,en
